1.310999990000000045e-14 2.778500000000000035e-20 1.580999910000000098e-11 0.000000000000000000e+00
3.293499909999999753e-14 1.359599939999999975e-19 3.972000160000000050e-11 0.000000000000000000e+00
8.270000080000000340e-14 6.437299959999999701e-19 9.975999889999999595e-11 0.000000000000000000e+00
2.078000040000000075e-13 2.945199939999999842e-18 2.506000130000000197e-10 0.000000000000000000e+00
5.219999779999999885e-13 1.296399970000000004e-17 6.293999769999999988e-10 0.000000000000000000e+00
1.311000030000000025e-12 5.455800090000000107e-17 1.581000000000000021e-09 0.000000000000000000e+00
3.294000060000000014e-12 2.187300060000000003e-16 3.972000059999999786e-09 0.000000000000000000e+00
4.146499980000000384e-12 2.941299939999999901e-16 4.999999969999999764e-09 0.000000000000000000e+00
8.274999609999999634e-12 8.025700169999999806e-16 9.975999579999999662e-09 0.000000000000000000e+00
1.650999999999999973e-11 2.143699990000000106e-15 1.989999990000000115e-08 0.000000000000000000e+00
3.294500089999999959e-11 5.626399830000000106e-15 3.971999970000000254e-08 0.000000000000000000e+00
6.575000269999999746e-11 1.456399969999999926e-14 7.924000299999999781e-08 0.000000000000000000e+00
1.311999950000000003e-10 3.733799840000000234e-14 1.580999939999999977e-07 0.000000000000000000e+00
1.652000059999999991e-10 4.886999959999999782e-14 1.989999989999999916e-07 0.000000000000000000e+00
2.618499860000000105e-10 9.110699929999999691e-14 3.154999889999999993e-07 0.000000000000000000e+00
4.150499940000000134e-10 1.694100050000000000e-13 4.999999989999999737e-07 0.000000000000000000e+00
5.224999879999999724e-10 2.309299939999999950e-13 6.294000059999999799e-07 0.000000000000000000e+00
6.579999879999999697e-10 2.816500020000000036e-13 7.923999869999999809e-07 0.000000000000000000e+00
8.284999909999999837e-10 3.836700110000000245e-13 9.975999549999999288e-07 0.000000000000000000e+00
1.313000040000000090e-09 7.114000140000000383e-13 1.580999989999999946e-06 0.000000000000000000e+00
2.081999909999999854e-09 1.317699959999999986e-12 2.506000100000000171e-06 0.000000000000000000e+00
3.300500099999999957e-09 2.439599950000000198e-12 3.971999829999999852e-06 0.000000000000000000e+00
4.155999990000000286e-09 3.166600009999999942e-12 4.999999870000000149e-06 0.000000000000000000e+00
5.229999989999999679e-09 4.307599849999999855e-12 6.293999829999999812e-06 0.000000000000000000e+00
6.590000099999999816e-09 5.861300160000000250e-12 7.923999869999999598e-06 0.000000000000000000e+00
8.335340399999999180e-09 8.008760300000000068e-12 9.976000000000000709e-06 0.000000000000000000e+00
2.639775700000000116e-08 3.346194499999999833e-11 3.155000000000000117e-05 0.000000000000000000e+00
8.360461800000000384e-08 1.457051699999999972e-10 9.975999999999999354e-05 0.000000000000000000e+00
1.326419399999999983e-07 2.512158300000000221e-10 1.580999999999999940e-04 0.000000000000000000e+00
2.159953600000000051e-07 4.391252099999999748e-10 2.572000099999999776e-04 0.000000000000000000e+00
3.321072800000000071e-07 5.114753599999999848e-10 3.951000100000000227e-04 0.000000000000000000e+00
6.009082099999999643e-07 6.843118299999999708e-10 7.143000299999999496e-04 0.000000000000000000e+00
8.415287469999999998e-07 4.702578149999999729e-10 1.000000009999999981e-03 0.000000000000000000e+00
4.215165389999999918e-06 7.047787820000000338e-09 5.000000010000000064e-03 0.000000000000000000e+00
8.438540529999999186e-06 1.451397179999999941e-08 1.000000000000000021e-02 0.000000000000000000e+00
1.266726709999999949e-05 2.626978270000000152e-08 1.499999999999999944e-02 0.000000000000000000e+00
1.690043199999999920e-05 4.056747240000000026e-08 2.000000000000000042e-02 0.000000000000000000e+00
2.113746650000000051e-05 5.695326890000000185e-08 2.500000000000000139e-02 0.000000000000000000e+00
2.537798550000000029e-05 7.524456379999999971e-08 2.999999999999999889e-02 0.000000000000000000e+00
2.962171490000000077e-05 9.536578389999999739e-08 3.500000000000000333e-02 0.000000000000000000e+00
3.386845389999999860e-05 1.172996209999999998e-07 4.000000000000000083e-02 0.000000000000000000e+00
3.811805260000000186e-05 1.410644700000000093e-07 4.499999999999999833e-02 0.000000000000000000e+00
4.237039810000000294e-05 1.667020909999999920e-07 5.000000000000000278e-02 0.000000000000000000e+00
4.662540540000000266e-05 1.942702640000000099e-07 5.500000000000000028e-02 0.000000000000000000e+00
5.088301059999999750e-05 2.238381650000000119e-07 5.999999999999999778e-02 0.000000000000000000e+00
5.514316700000000058e-05 2.554833619999999752e-07 6.500000000000000222e-02 0.000000000000000000e+00
5.940584099999999846e-05 2.892897999999999810e-07 7.000000000000000666e-02 0.000000000000000000e+00
6.367101020000000473e-05 3.253464300000000052e-07 7.499999999999999722e-02 0.000000000000000000e+00
6.793866119999999705e-05 3.631720090000000238e-07 8.000000000000000167e-02 0.000000000000000000e+00
7.442736366041016538e+01 3.881214167291960893e-01 8.637374860956617550e-02 0.000000000000000000e+00
9.021604410471010738e+01 7.650545076157323487e-01 1.045606229143492688e-01 0.000000000000000000e+00
1.060782251859307053e+02 1.253447581193854132e+00 1.227474972191323621e-01 0.000000000000000000e+00
1.220232684515099919e+02 1.901173186065942211e+00 1.409343715239154693e-01 0.000000000000000000e+00
1.380638554864609375e+02 2.750931581519836744e+00 1.591212458286985210e-01 0.000000000000000000e+00
1.542139481637431118e+02 3.837526823912766449e+00 1.773081201334816281e-01 0.000000000000000000e+00
1.704880712269088008e+02 5.187729736985391860e+00 1.954949944382647353e-01 0.000000000000000000e+00
1.869001212777655780e+02 6.820983007846660229e+00 2.136818687430477870e-01 0.000000000000000000e+00
2.034628342990688452e+02 8.750447476933592483e+00 2.318687430478308942e-01 0.000000000000000000e+00
2.201882268755086045e+02 1.098409785419693208e+01 2.500556173526140014e-01 0.000000000000000000e+00
2.370863030322325642e+02 1.352568476313608237e+01 2.682424916573970530e-01 0.000000000000000000e+00
2.541667530844075884e+02 1.637558896712201317e+01 2.864293659621801602e-01 0.000000000000000000e+00
2.714369065363102322e+02 1.953154922471517452e+01 3.046162402669632674e-01 0.000000000000000000e+00
2.889042290726316651e+02 2.298924068785217756e+01 3.228031145717463191e-01 0.000000000000000000e+00
3.065737514317580690e+02 2.674276352264560330e+01 3.409899888765294262e-01 0.000000000000000000e+00
3.244510016832107340e+02 3.078504618874320187e+01 3.591768631813125334e-01 0.000000000000000000e+00
3.425391441743004179e+02 3.510815256029729881e+01 3.773637374860955851e-01 0.000000000000000000e+00
3.608420927578685564e+02 3.970354087452840020e+01 3.955506117908786923e-01 0.000000000000000000e+00
3.793615413247239871e+02 4.456227646495609207e+01 4.137374860956617995e-01 0.000000000000000000e+00
3.981000908120947770e+02 4.967518608919520062e+01 4.319243604004448511e-01 0.000000000000000000e+00
4.170582987834239361e+02 5.503298990206535279e+01 4.501112347052279583e-01 0.000000000000000000e+00
4.362377133996428142e+02 6.062641011479907860e+01 4.682981090100110655e-01 0.000000000000000000e+00
4.556380269237006928e+02 6.644624343306351477e+01 4.864849833147941172e-01 0.000000000000000000e+00
4.752599518009964754e+02 7.248342484094918348e+01 5.046718576195772243e-01 0.000000000000000000e+00
4.951025301022423264e+02 7.872908034254075460e+01 5.228587319243603870e-01 0.000000000000000000e+00
5.151658162007432793e+02 8.517455624913489487e+01 5.410456062291434387e-01 0.000000000000000000e+00
5.354483711567652335e+02 9.181144669200828901e+01 5.592324805339266014e-01 0.000000000000000000e+00
5.559497348379079540e+02 9.863161651250587170e+01 5.774193548387096531e-01 0.000000000000000000e+00
5.766681193943280732e+02 1.056272081866541726e+02 5.956062291434927047e-01 0.000000000000000000e+00
5.976026658656265909e+02 1.127906502770451738e+02 6.137931034482758674e-01 0.000000000000000000e+00
6.187513399543569221e+02 1.201146645695720281e+02 6.319799777530589191e-01 0.000000000000000000e+00
6.401129766847244582e+02 1.275922617882547740e+02 6.501668520578419708e-01 0.000000000000000000e+00
6.616853747854800076e+02 1.352167403032424033e+02 6.683537263626251335e-01 0.000000000000000000e+00
6.834671374683042586e+02 1.429816851732672376e+02 6.865406006674081851e-01 0.000000000000000000e+00
7.054559578236253401e+02 1.508809586515386911e+02 7.047274749721912368e-01 0.000000000000000000e+00
7.276502666266130745e+02 1.589086941954243173e+02 7.229143492769743995e-01 0.000000000000000000e+00
7.500476984507176894e+02 1.670592916068669069e+02 7.411012235817574512e-01 0.000000000000000000e+00
7.726465590802999941e+02 1.753274055231078421e+02 7.592880978865405028e-01 0.000000000000000000e+00
7.954444606483576763e+02 1.837079374719980365e+02 7.774749721913236655e-01 0.000000000000000000e+00
8.184396217111750502e+02 1.921960293784227645e+02 7.956618464961067172e-01 0.000000000000000000e+00
8.416296594311610306e+02 2.007870517259851511e+02 8.138487208008897689e-01 0.000000000000000000e+00
8.650127353140798050e+02 2.094765951147747387e+02 8.320355951056729316e-01 0.000000000000000000e+00
8.885864921679856252e+02 2.182604633560970910e+02 8.502224694104559832e-01 0.000000000000000000e+00
9.123490583832156062e+02 2.271346621478056989e+02 8.684093437152390349e-01 0.000000000000000000e+00
9.362981177877688879e+02 2.360953908927224631e+02 8.865962180200221976e-01 0.000000000000000000e+00
9.604317846459441625e+02 2.451390360055594044e+02 9.047830923248052493e-01 0.000000000000000000e+00
9.847477950563283002e+02 2.542621605005270737e+02 9.229699666295883009e-01 0.000000000000000000e+00
1.009244264132936564e+03 2.634614964218151272e+02 9.411568409343714636e-01 0.000000000000000000e+00
1.033918988206468612e+03 2.727339386745783258e+02 9.593437152391545153e-01 0.000000000000000000e+00
1.058770095026143281e+03 2.820765356552180947e+02 9.775305895439376780e-01 0.000000000000000000e+00
1.083795446685456000e+03 2.914864824501231055e+02 9.957174638487207297e-01 0.000000000000000000e+00
1.108993192631972306e+03 3.009611153019717449e+02 1.013904338153503781e+00 0.000000000000000000e+00
1.134361264286260848e+03 3.104979033020390489e+02 1.032091212458286833e+00 0.000000000000000000e+00
1.159897839867178163e+03 3.200944423742858476e+02 1.050278086763069885e+00 0.000000000000000000e+00
1.185600922067893634e+03 3.297484504090377868e+02 1.068464961067853158e+00 0.000000000000000000e+00
1.211468723251840402e+03 3.394577599540009487e+02 1.086651835372636210e+00 0.000000000000000000e+00
1.237499318247575047e+03 3.492203129559995887e+02 1.104838709677419262e+00 0.000000000000000000e+00
1.263690957506067889e+03 3.590341565288467223e+02 1.123025583982202313e+00 0.000000000000000000e+00
1.290041787929590782e+03 3.688974365604843229e+02 1.141212458286985365e+00 0.000000000000000000e+00
1.316550100937195111e+03 3.788083931476783732e+02 1.159399332591768417e+00 0.000000000000000000e+00
1.343214114725578611e+03 3.887653569502292612e+02 1.177586206896551690e+00 0.000000000000000000e+00
1.370032163665359576e+03 3.987667436094850473e+02 1.195773081201334742e+00 0.000000000000000000e+00
1.397002535980750963e+03 4.088110498125706727e+02 1.213959955506117794e+00 0.000000000000000000e+00
1.424123610252859635e+03 4.188968501618899154e+02 1.232146829810900845e+00 0.000000000000000000e+00
1.451393743114436575e+03 4.290227923194990467e+02 1.250333704115683897e+00 0.000000000000000000e+00
1.478811358029700614e+03 4.391875936164213954e+02 1.268520578420467171e+00 0.000000000000000000e+00
1.506374878090678749e+03 4.493900383828659528e+02 1.286707452725250223e+00 0.000000000000000000e+00
1.534082771919456263e+03 4.596289737203570098e+02 1.304894327030033274e+00 0.000000000000000000e+00
1.561933526909777356e+03 4.699033065936475850e+02 1.323081201334816326e+00 0.000000000000000000e+00
1.589925656705855090e+03 4.802120015580217682e+02 1.341268075639599378e+00 0.000000000000000000e+00
1.618057710773972531e+03 4.905540770798672838e+02 1.359454949944382429e+00 0.000000000000000000e+00
1.646328247365458765e+03 5.009286030419700069e+02 1.377641824249165703e+00 0.000000000000000000e+00
1.674735875723665458e+03 5.113346988185558075e+02 1.395828698553948755e+00 0.000000000000000000e+00
1.703279198031117176e+03 5.217715300692717619e+02 1.414015572858731806e+00 0.000000000000000000e+00
1.731956880949188871e+03 5.322383066011382198e+02 1.432202447163514858e+00 0.000000000000000000e+00
1.760767569786951071e+03 5.427342807447327004e+02 1.450389321468297910e+00 0.000000000000000000e+00
1.789709986309238957e+03 5.532587445530383548e+02 1.468576195773080961e+00 0.000000000000000000e+00
1.818782817996115000e+03 5.638110279743407318e+02 1.486763070077864235e+00 0.000000000000000000e+00
1.847984839325388748e+03 5.743904974837201962e+02 1.504949944382647287e+00 0.000000000000000000e+00
1.877314778936159428e+03 5.849965536329810902e+02 1.523136818687430338e+00 0.000000000000000000e+00
1.906771461758478608e+03 5.956286294941692177e+02 1.541323692992213390e+00 0.000000000000000000e+00
1.936353656442575357e+03 6.062861894995362491e+02 1.559510567296996442e+00 0.000000000000000000e+00
1.966060236117374188e+03 6.169687273058823394e+02 1.577697441601779493e+00 0.000000000000000000e+00
1.995890008305801302e+03 6.276757644599762216e+02 1.595884315906562767e+00 0.000000000000000000e+00
2.025841892187952226e+03 6.384068494274586101e+02 1.614071190211345819e+00 0.000000000000000000e+00
2.055914732934042149e+03 6.491615557182620933e+02 1.632258064516128870e+00 0.000000000000000000e+00
2.086107493680578955e+03 6.599394807483588465e+02 1.650444938820911922e+00 0.000000000000000000e+00
2.116419056026703402e+03 6.707402450267607037e+02 1.668631813125694974e+00 0.000000000000000000e+00
2.146848425041391693e+03 6.815634905103347592e+02 1.686818687430478025e+00 0.000000000000000000e+00
2.177394517569907748e+03 6.924088796293036694e+02 1.705005561735261299e+00 0.000000000000000000e+00
2.208056378634417342e+03 7.032760946147336654e+02 1.723192436040044351e+00 0.000000000000000000e+00
2.238832959127579215e+03 7.141648360416229480e+02 1.741379310344827402e+00 0.000000000000000000e+00
2.269723342141782723e+03 7.250748220098175807e+02 1.759566184649610454e+00 0.000000000000000000e+00
2.300726511445616325e+03 7.360057875719913909e+02 1.777753058954393506e+00 0.000000000000000000e+00
2.331841586414907397e+03 7.469574834624941104e+02 1.795939933259176557e+00 0.000000000000000000e+00
2.363067582528647108e+03 7.579296753887944078e+02 1.814126807563959831e+00 0.000000000000000000e+00
2.394403653738185312e+03 7.689221435665517674e+02 1.832313681868742883e+00 0.000000000000000000e+00
2.425848846024556678e+03 7.799346815870194405e+02 1.850500556173525935e+00 0.000000000000000000e+00
2.457402346335768925e+03 7.909670958233855345e+02 1.868687430478308986e+00 0.000000000000000000e+00
2.489063230086473141e+03 8.020192050434283146e+02 1.886874304783092038e+00 0.000000000000000000e+00
2.520830715607235561e+03 8.130908394074388070e+02 1.905061179087875312e+00 0.000000000000000000e+00
2.552703906605590419e+03 8.241818399643858584e+02 1.923248053392658363e+00 0.000000000000000000e+00
2.584682051356585362e+03 8.352920583327107806e+02 1.941434927697441415e+00 0.000000000000000000e+00
2.616764280844259247e+03 8.464213558175919161e+02 1.959621802002224467e+00 0.000000000000000000e+00
2.648949871834423902e+03 8.575696029766086212e+02 1.977808676307007518e+00 0.000000000000000000e+00
2.681237981556966588e+03 8.687366793669038998e+02 1.995995550611790570e+00 0.000000000000000000e+00
2.713627913938106303e+03 8.799224727531836834e+02 2.014182424916573844e+00 0.000000000000000000e+00
2.746118851468660978e+03 8.911268787494145727e+02 2.032369299221356673e+00 0.000000000000000000e+00
2.778710123963643127e+03 9.023498006058883902e+02 2.050556173526139503e+00 0.000000000000000000e+00
2.811400938225174741e+03 9.135911485107279759e+02 2.068743047830922777e+00 0.000000000000000000e+00
2.844190648708739445e+03 9.248508392885850071e+02 2.086929922135706050e+00 0.000000000000000000e+00
2.877078485634530352e+03 9.361287962253426258e+02 2.105116796440488880e+00 0.000000000000000000e+00
2.910063826945813162e+03 9.474249484499525806e+02 2.123303670745272154e+00 0.000000000000000000e+00
2.943145925350560901e+03 9.587392306764420482e+02 2.141490545050054983e+00 0.000000000000000000e+00
2.976324181226977998e+03 9.700715830733083749e+02 2.159677419354838257e+00 0.000000000000000000e+00
3.009597868926447063e+03 9.814219507036332288e+02 2.177864293659621531e+00 0.000000000000000000e+00
3.042966410246845498e+03 9.927902833108446430e+02 2.196051167964404360e+00 0.000000000000000000e+00
3.076429100284193282e+03 1.004176535223225301e+03 2.214238042269187634e+00 0.000000000000000000e+00
3.109985381273786061e+03 1.015580664844411331e+03 2.232424916573970464e+00 0.000000000000000000e+00
3.143634568333483912e+03 1.027002634484957753e+03 2.250611790878753737e+00 0.000000000000000000e+00
3.177376123180568356e+03 1.038442410279181104e+03 2.268798665183536567e+00 0.000000000000000000e+00
3.211209380190010052e+03 1.049899961744983329e+03 2.286985539488319841e+00 0.000000000000000000e+00
3.245133819638332170e+03 1.061375261625621533e+03 2.305172413793103114e+00 0.000000000000000000e+00
3.279148794440213351e+03 1.072868285849081303e+03 2.323359288097885944e+00 0.000000000000000000e+00
3.313253802627869391e+03 1.084379013112227085e+03 2.341546162402669218e+00 0.000000000000000000e+00
3.347448214952818489e+03 1.095907424768923647e+03 2.359733036707452047e+00 0.000000000000000000e+00
3.381731546358526884e+03 1.107453504792174726e+03 2.377919911012235321e+00 0.000000000000000000e+00
3.416103184762360797e+03 1.119017239409323338e+03 2.396106785317018595e+00 0.000000000000000000e+00
3.450562661293130986e+03 1.130598617003074423e+03 2.414293659621801424e+00 0.000000000000000000e+00
3.485109380439347660e+03 1.142197628096909966e+03 2.432480533926584698e+00 0.000000000000000000e+00
3.519742888744754964e+03 1.153814265020642097e+03 2.450667408231367528e+00 0.000000000000000000e+00
3.554462606574468737e+03 1.165448521835873635e+03 2.468854282536150802e+00 0.000000000000000000e+00
3.589268095263948908e+03 1.177100394327075946e+03 2.487041156840934075e+00 0.000000000000000000e+00
3.624158790548891830e+03 1.188769879707587279e+03 2.505228031145716905e+00 0.000000000000000000e+00
3.659134267856695260e+03 1.200456976550005948e+03 2.523414905450500179e+00 0.000000000000000000e+00
3.694193977622159764e+03 1.212161684800663807e+03 2.541601779755283008e+00 0.000000000000000000e+00
3.729337508835066728e+03 1.223884005502236050e+03 2.559788654060066282e+00 0.000000000000000000e+00
3.764564326134268867e+03 1.235623940749498388e+03 2.577975528364849112e+00 0.000000000000000000e+00
3.799874031384622413e+03 1.247381493701513818e+03 2.596162402669632385e+00 0.000000000000000000e+00
3.835266102961785691e+03 1.259156668334545429e+03 2.614349276974415659e+00 0.000000000000000000e+00
3.870740155051887996e+03 1.270949469412016470e+03 2.632536151279198489e+00 0.000000000000000000e+00
3.906295679226125230e+03 1.282759902498662314e+03 2.650723025583981762e+00 0.000000000000000000e+00
3.941932301514677420e+03 1.294587973742410441e+03 2.668909899888764592e+00 0.000000000000000000e+00
3.977649526257774596e+03 1.306433689844709988e+03 2.687096774193547866e+00 0.000000000000000000e+00
4.013446990752119291e+03 1.318297058091266308e+03 2.705283648498331139e+00 0.000000000000000000e+00
4.049324211584014847e+03 1.330178086144873078e+03 2.723470522803113969e+00 0.000000000000000000e+00
4.085280836893874039e+03 1.342076782031856965e+03 2.741657397107897243e+00 0.000000000000000000e+00
4.121316395137242580e+03 1.353993154171968172e+03 2.759844271412680072e+00 0.000000000000000000e+00
4.157430544826227560e+03 1.365927211192516324e+03 2.778031145717463346e+00 0.000000000000000000e+00
4.193622825843173814e+03 1.377878961918942878e+03 2.796218020022246176e+00 0.000000000000000000e+00
4.229892906589550876e+03 1.389848415413070597e+03 2.814404894327029449e+00 0.000000000000000000e+00
4.266240338019332739e+03 1.401835580796298927e+03 2.832591768631812723e+00 0.000000000000000000e+00
4.302664798016557143e+03 1.413840467254625537e+03 2.850778642936595553e+00 0.000000000000000000e+00
4.339165848200907021e+03 1.425863084071103913e+03 2.868965517241378826e+00 0.000000000000000000e+00
4.375743175612868072e+03 1.437903440472956163e+03 2.887152391546161656e+00 0.000000000000000000e+00
4.412396352090634537e+03 1.449961545632439083e+03 2.905339265850944930e+00 0.000000000000000000e+00
4.449125073457628787e+03 1.462037408709744568e+03 2.923526140155728203e+00 0.000000000000000000e+00
4.485928921472180264e+03 1.474131038705922492e+03 2.941713014460511033e+00 0.000000000000000000e+00
4.522807600361076766e+03 1.486242444470331520e+03 2.959899888765294307e+00 0.000000000000000000e+00
4.559760701431742746e+03 1.498371634749473287e+03 2.978086763070077136e+00 0.000000000000000000e+00
4.596787936988240290e+03 1.510518618045841549e+03 2.996273637374860410e+00 0.000000000000000000e+00
4.633888907624091189e+03 1.522683402632767638e+03 3.014460511679643684e+00 0.000000000000000000e+00
4.671063333371027511e+03 1.534865996601290362e+03 3.032647385984426514e+00 0.000000000000000000e+00
4.708310823757392427e+03 1.547066407730976152e+03 3.050834260289209787e+00 0.000000000000000000e+00
4.745631106239307883e+03 1.559284643510291517e+03 3.069021134593992617e+00 0.000000000000000000e+00
4.783023798943295333e+03 1.571520711176620125e+03 3.087208008898775891e+00 0.000000000000000000e+00
4.820488636519909051e+03 1.583774617607410391e+03 3.105394883203558720e+00 0.000000000000000000e+00
4.858025245491465284e+03 1.596046369332049835e+03 3.123581757508341994e+00 0.000000000000000000e+00
4.895633367315541363e+03 1.608335972582738123e+03 3.141768631813125268e+00 0.000000000000000000e+00
4.933312636598698191e+03 1.620643433182593071e+03 3.159955506117908097e+00 0.000000000000000000e+00
4.971062801408308587e+03 1.632968756572570328e+03 3.178142380422691371e+00 0.000000000000000000e+00
5.008883504148932843e+03 1.645311947848234695e+03 3.196329254727474201e+00 0.000000000000000000e+00
5.046774499240590558e+03 1.657673011668614663e+03 3.214516129032257474e+00 0.000000000000000000e+00
5.084735436662781467e+03 1.670051952272217250e+03 3.232703003337040748e+00 0.000000000000000000e+00
5.122766076918410363e+03 1.682448773529423534e+03 3.250889877641823578e+00 0.000000000000000000e+00
5.160866077295709147e+03 1.694863478842015411e+03 3.269076751946606851e+00 0.000000000000000000e+00
5.199035204208611503e+03 1.707296071172189613e+03 3.287263626251389681e+00 0.000000000000000000e+00
5.237273121991067455e+03 1.719746553087066104e+03 3.305450500556172955e+00 0.000000000000000000e+00
5.275579602685023929e+03 1.732214926667203599e+03 3.323637374860955784e+00 0.000000000000000000e+00
5.313954317558094772e+03 1.744701193538663574e+03 3.341824249165739058e+00 0.000000000000000000e+00
5.352397044075197300e+03 1.757205354914236295e+03 3.360011123470522332e+00 0.000000000000000000e+00
5.390907460113956404e+03 1.769727411509613603e+03 3.378197997775305161e+00 0.000000000000000000e+00
5.429485348367584265e+03 1.782267363574082538e+03 3.396384872080088435e+00 0.000000000000000000e+00
5.468130393224324507e+03 1.794825210932357777e+03 3.414571746384871265e+00 0.000000000000000000e+00
5.506842382342895689e+03 1.807400952906603607e+03 3.432758620689654538e+00 0.000000000000000000e+00
5.545621006336827122e+03 1.819994588346210548e+03 3.450945494994437812e+00 0.000000000000000000e+00
5.584466057832000843e+03 1.832606115668522307e+03 3.469132369299220642e+00 0.000000000000000000e+00
5.623377233434101981e+03 1.845235532788588671e+03 3.487319243604003915e+00 0.000000000000000000e+00
5.662354330440743070e+03 1.857882837144605446e+03 3.505506117908786745e+00 0.000000000000000000e+00
5.701397051309420931e+03 1.870548025741735046e+03 3.523692992213570019e+00 0.000000000000000000e+00
5.740505197882219363e+03 1.883231095087372069e+03 3.541879866518352848e+00 0.000000000000000000e+00
5.779678478287793951e+03 1.895932041208981445e+03 3.560066740823136122e+00 0.000000000000000000e+00
5.818916698784792970e+03 1.908650859707558766e+03 3.578253615127919396e+00 0.000000000000000000e+00
5.858219572963481369e+03 1.921387545684694032e+03 3.596440489432702226e+00 0.000000000000000000e+00
5.897586911268876975e+03 1.934142093774099749e+03 3.614627363737485499e+00 0.000000000000000000e+00
5.937018432687115819e+03 1.946914498184258719e+03 3.632814238042268329e+00 0.000000000000000000e+00
5.976513951722955426e+03 1.959704752629654422e+03 3.651001112347051603e+00 0.000000000000000000e+00
6.016073192526085222e+03 1.972512850370741262e+03 3.669187986651834876e+00 0.000000000000000000e+00
6.055695973552524265e+03 1.985338784242861493e+03 3.687374860956617706e+00 0.000000000000000000e+00
6.095382023951741758e+03 1.998182546602095954e+03 3.705561735261400980e+00 0.000000000000000000e+00
6.135131166007477077e+03 2.011044129356187113e+03 3.723748609566183809e+00 0.000000000000000000e+00
6.174943133772310830e+03 2.023923523998674000e+03 3.741935483870967083e+00 0.000000000000000000e+00
6.214817753132745565e+03 2.036820721558869536e+03 3.760122358175750357e+00 0.000000000000000000e+00
6.254754762932930134e+03 2.049735712624468306e+03 3.778309232480533186e+00 0.000000000000000000e+00
6.294753992647410087e+03 2.062668487380821261e+03 3.796496106785316460e+00 0.000000000000000000e+00
6.334815185706240300e+03 2.075619035560391239e+03 3.814682981090099290e+00 0.000000000000000000e+00
6.374938174939711644e+03 2.088587346470536886e+03 3.832869855394882563e+00 0.000000000000000000e+00
6.415122708250259166e+03 2.101573409027071193e+03 3.851056729699665393e+00 0.000000000000000000e+00
6.455368621849610463e+03 2.114577211707688548e+03 3.869243604004448667e+00 0.000000000000000000e+00
6.495675668001803388e+03 2.127598742575435608e+03 3.887430478309231940e+00 0.000000000000000000e+00
6.536043686087385140e+03 2.140637989320625366e+03 3.905617352614014770e+00 0.000000000000000000e+00
6.576472432636990561e+03 2.153694939204984621e+03 3.923804226918798044e+00 0.000000000000000000e+00
6.616961750120380202e+03 2.166769579093387165e+03 3.941991101223580873e+00 0.000000000000000000e+00
6.657511399148084820e+03 2.179861895493039810e+03 3.960177975528364147e+00 0.000000000000000000e+00
6.698121225204790790e+03 2.192971874495583961e+03 3.978364849833147421e+00 0.000000000000000000e+00
6.738790992917040967e+03 2.206099501816180691e+03 3.996551724137930250e+00 0.000000000000000000e+00
6.779520550697377075e+03 2.219244762818247182e+03 4.014738598442713524e+00 0.000000000000000000e+00
6.820309667034911399e+03 2.232407642474843215e+03 4.032925472747496798e+00 0.000000000000000000e+00
6.861158193166011188e+03 2.245588125392993788e+03 4.051112347052279183e+00 0.000000000000000000e+00
6.902065901374063287e+03 2.258786195846412284e+03 4.069299221357062457e+00 0.000000000000000000e+00
6.943032645605525431e+03 2.272001837732773765e+03 4.087486095661845731e+00 0.000000000000000000e+00
6.984058201841608025e+03 2.285235034602003452e+03 4.105672969966629005e+00 0.000000000000000000e+00
7.025142426683848498e+03 2.298485769684527895e+03 4.123859844271412278e+00 0.000000000000000000e+00
7.066285099658373838e+03 2.311754025853900202e+03 4.142046718576194664e+00 0.000000000000000000e+00
7.107486079972164589e+03 2.325039785647501958e+03 4.160233592880977938e+00 0.000000000000000000e+00
7.148745150647374430e+03 2.338343031304911165e+03 4.178420467185761211e+00 0.000000000000000000e+00
7.190062173365408853e+03 2.351663744720916839e+03 4.196607341490544485e+00 0.000000000000000000e+00
7.231436934582620779e+03 2.365001907475796543e+03 4.214794215795327759e+00 0.000000000000000000e+00
7.272869298338965564e+03 2.378357500860231539e+03 4.232981090100110144e+00 0.000000000000000000e+00
7.314359054380393900e+03 2.391730505843430365e+03 4.251167964404893418e+00 0.000000000000000000e+00
7.355906069167431269e+03 2.405120903096662914e+03 4.269354838709676692e+00 0.000000000000000000e+00
7.397510135653545149e+03 2.418528673012884155e+03 4.287541713014459965e+00 0.000000000000000000e+00
7.439171122530525281e+03 2.431953795682964028e+03 4.305728587319243239e+00 0.000000000000000000e+00
7.480888825948241902e+03 2.445396250915372548e+03 4.323915461624025625e+00 0.000000000000000000e+00
7.522663116816886941e+03 2.458856018256871721e+03 4.342102335928808898e+00 0.000000000000000000e+00
7.564493794287072888e+03 2.472333076968655405e+03 4.360289210233592172e+00 0.000000000000000000e+00
7.606380731425728300e+03 2.485827406043605151e+03 4.378476084538375446e+00 0.000000000000000000e+00
7.648323730381146561e+03 2.499338984233424526e+03 4.396662958843158719e+00 0.000000000000000000e+00
7.690322666316213144e+03 2.512867790012295700e+03 4.414849833147941105e+00 0.000000000000000000e+00
7.732377344313475078e+03 2.526413801611283361e+03 4.433036707452724379e+00 0.000000000000000000e+00
7.774487641517314842e+03 2.539976997026768458e+03 4.451223581757507652e+00 0.000000000000000000e+00
7.816653365890771056e+03 2.553557354002203283e+03 4.469410456062290926e+00 0.000000000000000000e+00
7.858874396499351860e+03 2.567154850044968043e+03 4.487597330367073312e+00 0.000000000000000000e+00
7.901150544117819663e+03 2.580769462449263756e+03 4.505784204671856585e+00 0.000000000000000000e+00
7.943481689742887284e+03 2.594401168269004302e+03 4.523971078976639859e+00 0.000000000000000000e+00
7.985867646777047412e+03 2.608049944337015859e+03 4.542157953281423133e+00 0.000000000000000000e+00
8.028308298140755142e+03 2.621715767289529595e+03 4.560344827586206407e+00 0.000000000000000000e+00
8.070803459847871636e+03 2.635398613535724508e+03 4.578531701890988792e+00 0.000000000000000000e+00
8.113353016638721783e+03 2.649098459280303359e+03 4.596718576195772066e+00 0.000000000000000000e+00
8.155956787137848551e+03 2.662815280544559755e+03 4.614905450500555339e+00 0.000000000000000000e+00
8.198614657783258735e+03 2.676549053136132443e+03 4.633092324805338613e+00 0.000000000000000000e+00
8.241326449717404103e+03 2.690299752677075958e+03 4.651279199110121887e+00 0.000000000000000000e+00
8.284092051162091593e+03 2.704067354614451688e+03 4.669466073414904272e+00 0.000000000000000000e+00
8.326911285704174588e+03 2.717851834202057034e+03 4.687652947719687546e+00 0.000000000000000000e+00
8.369784043172116071e+03 2.731653166514716759e+03 4.705839822024470820e+00 0.000000000000000000e+00
8.412710149573811577e+03 2.745471326472683359e+03 4.724026696329254094e+00 0.000000000000000000e+00
8.455689496398923438e+03 2.759306288812951152e+03 4.742213570634037367e+00 0.000000000000000000e+00
8.498721911992390233e+03 2.773158028112005013e+03 4.760400444938819753e+00 0.000000000000000000e+00
8.541807289407444841e+03 2.787026518795410539e+03 4.778587319243603027e+00 0.000000000000000000e+00
8.584945459286594996e+03 2.800911735129234785e+03 4.796774193548386300e+00 0.000000000000000000e+00
8.628136316240534143e+03 2.814813651224249952e+03 4.814961067853169574e+00 0.000000000000000000e+00
8.671379693111990491e+03 2.828732241058901764e+03 4.833147942157952848e+00 0.000000000000000000e+00
8.714675486045201978e+03 2.842667478461113660e+03 4.851334816462735233e+00 0.000000000000000000e+00
8.758023530090724307e+03 2.856619337120105229e+03 4.869521690767518507e+00 0.000000000000000000e+00
8.801423722834562795e+03 2.870587790601216511e+03 4.887708565072301781e+00 0.000000000000000000e+00
8.844875901468196389e+03 2.884572812333011825e+03 4.905895439377085054e+00 0.000000000000000000e+00
8.888379965005686245e+03 2.898574375614738983e+03 4.924082313681868328e+00 0.000000000000000000e+00
8.931935752748189771e+03 2.912592453646098420e+03 4.942269187986650714e+00 0.000000000000000000e+00
8.975543165088780370e+03 2.926627019482295054e+03 4.960456062291433987e+00 0.000000000000000000e+00
9.019202043378149028e+03 2.940678046082199216e+03 4.978642936596217261e+00 0.000000000000000000e+00
9.062912289361733201e+03 2.954745506293301787e+03 4.996829810901000535e+00 0.000000000000000000e+00
9.106673746421074611e+03 2.968829372853836958e+03 5.015016685205782920e+00 0.000000000000000000e+00
9.150486317604258147e+03 2.982929618395420675e+03 5.033203559510566194e+00 0.000000000000000000e+00
9.194349848250114519e+03 2.997046215468871651e+03 5.051390433815349468e+00 0.000000000000000000e+00
9.238264242707955418e+03 3.011179136513880621e+03 5.069577308120132741e+00 0.000000000000000000e+00
9.282229348243827189e+03 3.025328353882749070e+03 5.087764182424916015e+00 0.000000000000000000e+00
9.326245070472579755e+03 3.039493839845658385e+03 5.105951056729698401e+00 0.000000000000000000e+00
9.370311258548748810e+03 3.053675566584195622e+03 5.124137931034481674e+00 0.000000000000000000e+00
9.414427819295835434e+03 3.067873506193527191e+03 5.142324805339264948e+00 0.000000000000000000e+00
9.458594603694840771e+03 3.082087630708108009e+03 5.160511679644048222e+00 0.000000000000000000e+00
9.502811519831098849e+03 3.096317912074568994e+03 5.178698553948831496e+00 0.000000000000000000e+00
9.547078420439738693e+03 3.110564322168562285e+03 5.196885428253613881e+00 0.000000000000000000e+00
9.591395214777769070e+03 3.124826832809378175e+03 5.215072302558397155e+00 0.000000000000000000e+00
9.635761757380521885e+03 3.139105415741798879e+03 5.233259176863180429e+00 0.000000000000000000e+00
9.680177958655607654e+03 3.153400042649579973e+03 5.251446051167963702e+00 0.000000000000000000e+00
9.724643674823164474e+03 3.167710685166897292e+03 5.269632925472746976e+00 0.000000000000000000e+00
9.769158817462319348e+03 3.182037314867434361e+03 5.287819799777529362e+00 0.000000000000000000e+00
9.813723244466447795e+03 3.196379903266388737e+03 5.306006674082312635e+00 0.000000000000000000e+00
9.858336868513288209e+03 3.210738421846970596e+03 5.324193548387095909e+00 0.000000000000000000e+00
9.902999549163911070e+03 3.225112842027858278e+03 5.342380422691879183e+00 0.000000000000000000e+00
9.947711200168074356e+03 3.239503135191342608e+03 5.360567296996662456e+00 0.000000000000000000e+00
9.992471682701921964e+03 3.253909272685730684e+03 5.378754171301444842e+00 0.000000000000000000e+00
1.003728091159504584e+04 3.268331225813089986e+03 5.396941045606228116e+00 0.000000000000000000e+00
1.008213874959071654e+04 3.282768965840347391e+03 5.415127919911011389e+00 0.000000000000000000e+00
1.012704511250728137e+04 3.297222464009640134e+03 5.433314794215794663e+00 0.000000000000000000e+00
1.017199986474335674e+04 3.311691691527711100e+03 5.451501668520577937e+00 0.000000000000000000e+00
1.021700292306576921e+04 3.326176619569728246e+03 5.469688542825360322e+00 0.000000000000000000e+00
1.026205415342090964e+04 3.340677219298541786e+03 5.487875417130143596e+00 0.000000000000000000e+00
1.030715347357354585e+04 3.355193461845449747e+03 5.506062291434926870e+00 0.000000000000000000e+00
1.035230075096367364e+04 3.369725318319774487e+03 5.524249165739710143e+00 0.000000000000000000e+00
1.039749590430172429e+04 3.384272759827820209e+03 5.542436040044492529e+00 0.000000000000000000e+00
1.044273880253474090e+04 3.398835757444576757e+03 5.560622914349275803e+00 0.000000000000000000e+00
1.048802936528195278e+04 3.413414282238709347e+03 5.578809788654059076e+00 0.000000000000000000e+00
1.053336746296994352e+04 3.428008305275404382e+03 5.596996662958842350e+00 0.000000000000000000e+00
1.057875301614114869e+04 3.442617797603416420e+03 5.615183537263625624e+00 0.000000000000000000e+00
1.062418589657881603e+04 3.457242730262962141e+03 5.633370411568408009e+00 0.000000000000000000e+00
1.066966602579418759e+04 3.471883074306787421e+03 5.651557285873191283e+00 0.000000000000000000e+00
1.071519327695875290e+04 3.486538800767857538e+03 5.669744160177974557e+00 0.000000000000000000e+00
1.076076757246816305e+04 3.501209880688606063e+03 5.687931034482757831e+00 0.000000000000000000e+00
1.080638878684524207e+04 3.515896285117609750e+03 5.706117908787541104e+00 0.000000000000000000e+00
1.085205684339156505e+04 3.530597985101076574e+03 5.724304783092323490e+00 0.000000000000000000e+00
1.089777161792857078e+04 3.545314951692349041e+03 5.742491657397106763e+00 0.000000000000000000e+00
1.094353303462877193e+04 3.560047155962005945e+03 5.760678531701890037e+00 0.000000000000000000e+00
1.098934097062807086e+04 3.574794568983485078e+03 5.778865406006673311e+00 0.000000000000000000e+00
1.103519535091351827e+04 3.589557161841355082e+03 5.797052280311456585e+00 0.000000000000000000e+00
1.108109605392850608e+04 3.604334905644464470e+03 5.815239154616238970e+00 0.000000000000000000e+00
1.112704300551423330e+04 3.619127771509221930e+03 5.833426028921022244e+00 0.000000000000000000e+00
1.117303608536870888e+04 3.633935730569926818e+03 5.851612903225805518e+00 0.000000000000000000e+00
1.121907522013855851e+04 3.648758753990439800e+03 5.869799777530588791e+00 0.000000000000000000e+00
1.126516029073575737e+04 3.663596812944129397e+03 5.887986651835372065e+00 0.000000000000000000e+00
1.131129122460790313e+04 3.678449878630141029e+03 5.906173526140154451e+00 0.000000000000000000e+00
1.135746790393150332e+04 3.693317922284964880e+03 5.924360400444937724e+00 0.000000000000000000e+00
1.140369025688200782e+04 3.708200915153376172e+03 5.942547274749720998e+00 0.000000000000000000e+00
1.144995816684260535e+04 3.723098828519010567e+03 5.960734149054504272e+00 0.000000000000000000e+00
1.149627156276646019e+04 3.738011633696889930e+03 5.978921023359287545e+00 0.000000000000000000e+00
1.154263032926492997e+04 3.752939302027053145e+03 5.997107897664069931e+00 0.000000000000000000e+00
1.158903439594891825e+04 3.767881804880703839e+03 6.015294771968853205e+00 0.000000000000000000e+00
1.163548364859700632e+04 3.782839113675514000e+03 6.033481646273636478e+00 0.000000000000000000e+00
1.168197801766292650e+04 3.797811199850006687e+03 6.051668520578419752e+00 0.000000000000000000e+00
1.172851738998570727e+04 3.812798034887964150e+03 6.069855394883202138e+00 0.000000000000000000e+00
1.177510169670913638e+04 3.827799590313983117e+03 6.088042269187985411e+00 0.000000000000000000e+00
1.182173082582256575e+04 3.842815837686170653e+03 6.106229143492768685e+00 0.000000000000000000e+00
1.186840470918003484e+04 3.857846748602568368e+03 6.124416017797551959e+00 0.000000000000000000e+00
1.191512323589198604e+04 3.872892294715752087e+03 6.142602892102335232e+00 0.000000000000000000e+00
1.196188633849536927e+04 3.887952447706583371e+03 6.160789766407117618e+00 0.000000000000000000e+00
1.200869390720135743e+04 3.903027179309213352e+03 6.178976640711900892e+00 0.000000000000000000e+00
1.205554587517396794e+04 3.918116461306838573e+03 6.197163515016684165e+00 0.000000000000000000e+00
1.210244213373702587e+04 3.933220265522695172e+03 6.215350389321467439e+00 0.000000000000000000e+00
1.214938261671523287e+04 3.948338563830938710e+03 6.233537263626250713e+00 0.000000000000000000e+00
1.219636721650995241e+04 3.963471328162040209e+03 6.251724137931033098e+00 0.000000000000000000e+00
1.224339586756078097e+04 3.978618530487067346e+03 6.269911012235816372e+00 0.000000000000000000e+00
1.229046846332948917e+04 3.993780142833871651e+03 6.288097886540599646e+00 0.000000000000000000e+00
1.233758493886693941e+04 4.008956137287469119e+03 6.306284760845382920e+00 0.000000000000000000e+00
1.238474518863910635e+04 4.024146485979052613e+03 6.324471635150166193e+00 0.000000000000000000e+00
1.243194914836524003e+04 4.039351161097079057e+03 6.342658509454948579e+00 0.000000000000000000e+00
1.247919671360766552e+04 4.054570134894167495e+03 6.360845383759731853e+00 0.000000000000000000e+00
1.252648782059156838e+04 4.069803379668144771e+03 6.379032258064515126e+00 0.000000000000000000e+00
1.257382236582790756e+04 4.085050867781505076e+03 6.397219132369298400e+00 0.000000000000000000e+00
1.262120028623250619e+04 4.100312571655620559e+03 6.415406006674081674e+00 0.000000000000000000e+00
1.266862147929304774e+04 4.115588463770356611e+03 6.433592880978864059e+00 0.000000000000000000e+00
1.271608588250587854e+04 4.130878516665270581e+03 6.451779755283647333e+00 0.000000000000000000e+00
1.276359339423702841e+04 4.146182702943920958e+03 6.469966629588430607e+00 0.000000000000000000e+00
1.281114395265855637e+04 4.161500995271701868e+03 6.488153503893213880e+00 0.000000000000000000e+00
1.285873745715254518e+04 4.176833366375431069e+03 6.506340378197997154e+00 0.000000000000000000e+00
1.290637384636941897e+04 4.192179789052380329e+03 6.524527252502779540e+00 0.000000000000000000e+00
1.295405302057488552e+04 4.207540236154496597e+03 6.542714126807562813e+00 0.000000000000000000e+00
1.300177491905204261e+04 4.222914680605522335e+03 6.560901001112346087e+00 0.000000000000000000e+00
1.304953944302174204e+04 4.238303095398765436e+03 6.579087875417129361e+00 0.000000000000000000e+00
1.309734653229089963e+04 4.253705453588807359e+03 6.597274749721911746e+00 0.000000000000000000e+00
1.314519608893152872e+04 4.269121728299291135e+03 6.615461624026695020e+00 0.000000000000000000e+00
1.319308805337253943e+04 4.284551892726097321e+03 6.633648498331478294e+00 0.000000000000000000e+00
1.324102232851567533e+04 4.299995920128686521e+03 6.651835372636261567e+00 0.000000000000000000e+00
1.328899885538592935e+04 4.315453783840686810e+03 6.670022246941044841e+00 0.000000000000000000e+00
1.333701753780183208e+04 4.330925457267128877e+03 6.688209121245827227e+00 0.000000000000000000e+00
1.338507831721936600e+04 4.346410913879166401e+03 6.706395995550610500e+00 0.000000000000000000e+00
1.343318109832280970e+04 4.361910127222666233e+03 6.724582869855393774e+00 0.000000000000000000e+00
1.348132582313363673e+04 4.377423070920805912e+03 6.742769744160177048e+00 0.000000000000000000e+00
1.352951239716191776e+04 4.392949718658300299e+03 6.760956618464960322e+00 0.000000000000000000e+00
1.357774076297584179e+04 4.408490044201263117e+03 6.779143492769742707e+00 0.000000000000000000e+00
1.362601082691251759e+04 4.424044021393190633e+03 6.797330367074525981e+00 0.000000000000000000e+00
1.367432253204722474e+04 4.439611624140802633e+03 6.815517241379309255e+00 0.000000000000000000e+00
1.372267578554661486e+04 4.455192826436201358e+03 6.833704115684092528e+00 0.000000000000000000e+00
1.377107053101529891e+04 4.470787602345179948e+03 6.851890989988875802e+00 0.000000000000000000e+00
1.381950667636549224e+04 4.486395926002021042e+03 6.870077864293658187e+00 0.000000000000000000e+00
1.386798416569914116e+04 4.502017771624678062e+03 6.888264738598441461e+00 0.000000000000000000e+00
1.391650290779615898e+04 4.517653113511809352e+03 6.906451612903224735e+00 0.000000000000000000e+00
1.396506284724041689e+04 4.533301926029442257e+03 6.924638487208008009e+00 0.000000000000000000e+00
1.401366389351214275e+04 4.548964183623606914e+03 6.942825361512791282e+00 0.000000000000000000e+00
1.406230599172452276e+04 4.564639860825393953e+03 6.961012235817573668e+00 0.000000000000000000e+00
1.411098905217175889e+04 4.580328932239295682e+03 6.979199110122356942e+00 0.000000000000000000e+00
1.415971302040684895e+04 4.596031372547805404e+03 6.997385984427140215e+00 0.000000000000000000e+00
1.420847780752217659e+04 4.611747156517250914e+03 7.015572858731923489e+00 0.000000000000000000e+00
1.425728335947799496e+04 4.627476258987449000e+03 7.033759733036705875e+00 0.000000000000000000e+00
1.430612958815003731e+04 4.643218654881809925e+03 7.051946607341489148e+00 0.000000000000000000e+00
1.435501643995852828e+04 4.658974319207146436e+03 7.070133481646272422e+00 0.000000000000000000e+00
1.440394382754209255e+04 4.674743227046340508e+03 7.088320355951055696e+00 0.000000000000000000e+00
1.445291169772974172e+04 4.690525353560999065e+03 7.106507230255838969e+00 0.000000000000000000e+00
1.450191996389539599e+04 4.706320674005291039e+03 7.124694104560621355e+00 0.000000000000000000e+00
1.455096857343667216e+04 4.722129163697743024e+03 7.142880978865404629e+00 0.000000000000000000e+00
1.460005744033123665e+04 4.737950798052662321e+03 7.161067853170187902e+00 0.000000000000000000e+00
1.464918651246505033e+04 4.753785552565961552e+03 7.179254727474971176e+00 0.000000000000000000e+00
1.469835570448851468e+04 4.769633402805361584e+03 7.197441601779754450e+00 0.000000000000000000e+00
1.474756496471406354e+04 4.785494324429269909e+03 7.215628476084536835e+00 0.000000000000000000e+00
1.479681420859421269e+04 4.801368293179242755e+03 7.233815350389320109e+00 0.000000000000000000e+00
1.484610338479487837e+04 4.817255284873248456e+03 7.252002224694103383e+00 0.000000000000000000e+00
1.489543240938026247e+04 4.833155275420773251e+03 7.270189098998886656e+00 0.000000000000000000e+00
1.494480123157791058e+04 4.849068240809235249e+03 7.288375973303669930e+00 0.000000000000000000e+00
1.499420976811676519e+04 4.864994157112420908e+03 7.306562847608452316e+00 0.000000000000000000e+00
1.504365796862867319e+04 4.880933000480896226e+03 7.324749721913235589e+00 0.000000000000000000e+00
1.509314575051257816e+04 4.896884747163650900e+03 7.342936596218018863e+00 0.000000000000000000e+00
1.514267306377068599e+04 4.912849373477350127e+03 7.361123470522802137e+00 0.000000000000000000e+00
1.519223982655159671e+04 4.928826855830501700e+03 7.379310344827585411e+00 0.000000000000000000e+00
1.524184598920183271e+04 4.944817170720436479e+03 7.397497219132367796e+00 0.000000000000000000e+00
1.529149147051455111e+04 4.960820294720251695e+03 7.415684093437151070e+00 0.000000000000000000e+00
1.534117622124967966e+04 4.976836204489485681e+03 7.433870967741934344e+00 0.000000000000000000e+00
1.539090016090160134e+04 4.992864876778867256e+03 7.452057842046717617e+00 0.000000000000000000e+00
1.544066324062364220e+04 5.008906288417590986e+03 7.470244716351500891e+00 0.000000000000000000e+00
1.549046538050440540e+04 5.024960416319559044e+03 7.488431590656283277e+00 0.000000000000000000e+00
1.554030653210650962e+04 5.041027237486520789e+03 7.506618464961066550e+00 0.000000000000000000e+00
1.559018661617910948e+04 5.057106729003280634e+03 7.524805339265849824e+00 0.000000000000000000e+00
1.564010558464554924e+04 5.073198868040904927e+03 7.542992213570633098e+00 0.000000000000000000e+00
1.569006335879736980e+04 5.089303631854369087e+03 7.561179087875415483e+00 0.000000000000000000e+00
1.574005989105186563e+04 5.105420997784520296e+03 7.579365962180198757e+00 0.000000000000000000e+00
1.579009510329514524e+04 5.121550943258081134e+03 7.597552836484982031e+00 0.000000000000000000e+00
1.584016894831801073e+04 5.137693445786968368e+03 7.615739710789765304e+00 0.000000000000000000e+00
1.589028134862566185e+04 5.153848482964318464e+03 7.633926585094548578e+00 0.000000000000000000e+00
1.594043225737297507e+04 5.170016032473014093e+03 7.652113459399330964e+00 0.000000000000000000e+00
1.599062159759881979e+04 5.186196072084277148e+03 7.670300333704114237e+00 0.000000000000000000e+00
1.604084932288332857e+04 5.202388579646320068e+03 7.688487208008897511e+00 0.000000000000000000e+00
1.609111535690373057e+04 5.218593533094989652e+03 7.706674082313680785e+00 0.000000000000000000e+00
1.614141965356709261e+04 5.234810910458184480e+03 7.724860956618464058e+00 0.000000000000000000e+00
1.619176213710263255e+04 5.251040689842318898e+03 7.743047830923246444e+00 0.000000000000000000e+00
1.624214276179137778e+04 5.267282849437803634e+03 7.761234705228029718e+00 0.000000000000000000e+00
1.629256145243390529e+04 5.283537367524509136e+03 7.779421579532812991e+00 0.000000000000000000e+00
1.634301816370226334e+04 5.299804222471233516e+03 7.797608453837596265e+00 0.000000000000000000e+00
1.639351282094210183e+04 5.316083392719294352e+03 7.815795328142379539e+00 0.000000000000000000e+00
1.644404537919555878e+04 5.332374856809251469e+03 7.833982202447161924e+00 0.000000000000000000e+00
1.649461576435691313e+04 5.348678593358009493e+03 7.852169076751945198e+00 0.000000000000000000e+00
1.654522393179347637e+04 5.364994581066702267e+03 7.870355951056728472e+00 0.000000000000000000e+00
1.659586980803113693e+04 5.381322798729472197e+03 7.888542825361511746e+00 0.000000000000000000e+00
1.664655334873064567e+04 5.397663225219966989e+03 7.906729699666295019e+00 0.000000000000000000e+00
1.669727448092684790e+04 5.414015839491522456e+03 7.924916573971077405e+00 0.000000000000000000e+00
1.674803316064790124e+04 5.430380620595089567e+03 7.943103448275860679e+00 0.000000000000000000e+00
1.679882931550065769e+04 5.446757547652765425e+03 7.961290322580643952e+00 0.000000000000000000e+00
1.684966290178931740e+04 5.463146599881240945e+03 7.979477196885427226e+00 0.000000000000000000e+00
1.690053384771808851e+04 5.479547756575195308e+03 7.997664071190210500e+00 0.000000000000000000e+00
1.695144210996208130e+04 5.495960997119753301e+03 8.015850945494992885e+00 0.000000000000000000e+00
1.700238761709776736e+04 5.512386300975020276e+03 8.034037819799776159e+00 0.000000000000000000e+00
1.705337032622473998e+04 5.528823647699523463e+03 8.052224694104559433e+00 0.000000000000000000e+00
1.710439016646492382e+04 5.545273016919996735e+03 8.070411568409342706e+00 0.000000000000000000e+00
1.715544709520316610e+04 5.561734388356848285e+03 8.088598442714125980e+00 0.000000000000000000e+00
1.720654104210445075e+04 5.578207741813489520e+03 8.106785317018909254e+00 0.000000000000000000e+00
1.725767196487408364e+04 5.594693057174086789e+03 8.124972191323692527e+00 0.000000000000000000e+00
1.730883979368355722e+04 5.611190314408646373e+03 8.143159065628475801e+00 0.000000000000000000e+00
1.736004448653676809e+04 5.627699493569055448e+03 8.161345939933259075e+00 0.000000000000000000e+00
1.741128597414730029e+04 5.644220574792928346e+03 8.179532814238042349e+00 0.000000000000000000e+00
1.746256421480272911e+04 5.660753538296504303e+03 8.197719688542825622e+00 0.000000000000000000e+00
1.751387913966011547e+04 5.677298364385541390e+03 8.215906562847608896e+00 0.000000000000000000e+00
1.756523070739601462e+04 5.693855033439981526e+03 8.234093437152390393e+00 0.000000000000000000e+00
1.761661884963539342e+04 5.710423525931096265e+03 8.252280311457173667e+00 0.000000000000000000e+00
1.766804352539324827e+04 5.727003822410602879e+03 8.270467185761956941e+00 0.000000000000000000e+00
1.771950466670446258e+04 5.743595903507291041e+03 8.288654060066740215e+00 0.000000000000000000e+00
1.777100223294373063e+04 5.760199749937937668e+03 8.306840934371523488e+00 0.000000000000000000e+00
1.782253615661361619e+04 5.776815342502684871e+03 8.325027808676306762e+00 0.000000000000000000e+00
1.787410639737582824e+04 5.793442662075070984e+03 8.343214682981090036e+00 0.000000000000000000e+00
1.792571288828291654e+04 5.810081689619016288e+03 8.361401557285873309e+00 0.000000000000000000e+00
1.797735558922664859e+04 5.826732406175788128e+03 8.379588431590656583e+00 0.000000000000000000e+00
1.802903443369563684e+04 5.843394792868110926e+03 8.397775305895438080e+00 0.000000000000000000e+00
1.808074938195359209e+04 5.860068830900963803e+03 8.415962180200221354e+00 0.000000000000000000e+00
1.813250036792937317e+04 5.876754501564515522e+03 8.434149054505004628e+00 0.000000000000000000e+00
1.818428735215582492e+04 5.893451786220173744e+03 8.452335928809787902e+00 0.000000000000000000e+00
1.823611026898456839e+04 5.910160666318565745e+03 8.470522803114571175e+00 0.000000000000000000e+00
1.828796907928459405e+04 5.926881123384328930e+03 8.488709677419354449e+00 0.000000000000000000e+00
1.833986371794454681e+04 5.943613139028966543e+03 8.506896551724137723e+00 0.000000000000000000e+00
1.839179414600141899e+04 5.960356694937139764e+03 8.525083426028920996e+00 0.000000000000000000e+00
1.844376029877675319e+04 5.977111772880766694e+03 8.543270300333704270e+00 0.000000000000000000e+00
1.849576213765657303e+04 5.993878354704778758e+03 8.561457174638487544e+00 0.000000000000000000e+00
1.854779959844626865e+04 6.010656422335670868e+03 8.579644048943269041e+00 0.000000000000000000e+00
1.859987264270480955e+04 6.027445957781545076e+03 8.597830923248052315e+00 0.000000000000000000e+00
1.865198120669096170e+04 6.044246943129132887e+03 8.616017797552835589e+00 0.000000000000000000e+00
1.870412525233961424e+04 6.061059360540326452e+03 8.634204671857618862e+00 0.000000000000000000e+00
1.875630471627113729e+04 6.077883192259968382e+03 8.652391546162402136e+00 0.000000000000000000e+00
1.880851956067522769e+04 6.094718420606235668e+03 8.670578420467185410e+00 0.000000000000000000e+00
1.886076972256481167e+04 6.111565027982241190e+03 8.688765294771968684e+00 0.000000000000000000e+00
1.891305516451548101e+04 6.128422996863324443e+03 8.706952169076751957e+00 0.000000000000000000e+00
1.896537582392763215e+04 6.145292309804611250e+03 8.725139043381535231e+00 0.000000000000000000e+00
1.901773166360765026e+04 6.162172949440809134e+03 8.743325917686318505e+00 0.000000000000000000e+00
1.907012262139622908e+04 6.179064898478808573e+03 8.761512791991100002e+00 0.000000000000000000e+00
1.912254866032881546e+04 6.195968139708913441e+03 8.779699666295883276e+00 0.000000000000000000e+00
1.917500971873455273e+04 6.212882655993948902e+03 8.797886540600666549e+00 0.000000000000000000e+00
1.922750575986284457e+04 6.229808430273155864e+03 8.816073414905449823e+00 0.000000000000000000e+00
1.928003672241827371e+04 6.246745445564881265e+03 8.834260289210233097e+00 0.000000000000000000e+00
1.933260256999519333e+04 6.263693684959723214e+03 8.852447163515016371e+00 0.000000000000000000e+00
1.938520324167665967e+04 6.280653131633345765e+03 8.870634037819799644e+00 0.000000000000000000e+00
1.943783870128512717e+04 6.297623768822655620e+03 8.888820912124582918e+00 0.000000000000000000e+00
1.949050888834644502e+04 6.314605579851768198e+03 8.907007786429366192e+00 0.000000000000000000e+00
1.954321376690982652e+04 6.331598548115354788e+03 8.925194660734147689e+00 0.000000000000000000e+00
1.959595327684588847e+04 6.348602657083284612e+03 8.943381535038930963e+00 0.000000000000000000e+00
1.964872738252842828e+04 6.365617890304520188e+03 8.961568409343714237e+00 0.000000000000000000e+00
1.970153602424087876e+04 6.382644231392043366e+03 8.979755283648497510e+00 0.000000000000000000e+00
1.975437916658543327e+04 6.399681664042843295e+03 8.997942157953280784e+00 0.000000000000000000e+00
1.980725675015678280e+04 6.416730172025232605e+03 9.016129032258064058e+00 0.000000000000000000e+00
1.986016873990554450e+04 6.433789739180148899e+03 9.034315906562847331e+00 0.000000000000000000e+00
1.991311507670549690e+04 6.450860349421992396e+03 9.052502780867630605e+00 0.000000000000000000e+00
1.996609572584897978e+04 6.467941986739352615e+03 9.070689655172413879e+00 0.000000000000000000e+00
2.001911062862965991e+04 6.485034635193276699e+03 9.088876529477197153e+00 0.000000000000000000e+00
2.007215975048449036e+04 6.502138278918999276e+03 9.107063403781978650e+00 0.000000000000000000e+00
2.012524303313129712e+04 6.519252902120822910e+03 9.125250278086761924e+00 0.000000000000000000e+00
2.017836044219761607e+04 6.536378489080653708e+03 9.143437152391545197e+00 0.000000000000000000e+00
2.023151191977285271e+04 6.553515024144007839e+03 9.161624026696328471e+00 0.000000000000000000e+00
2.028469743180294608e+04 6.570662491737685741e+03 9.179810901001111745e+00 0.000000000000000000e+00
2.033791692069736746e+04 6.587820876354198845e+03 9.197997775305895019e+00 0.000000000000000000e+00
2.039117035261543060e+04 6.604990162558830889e+03 9.216184649610678292e+00 0.000000000000000000e+00
2.044445767039420753e+04 6.622170334986539274e+03 9.234371523915461566e+00 0.000000000000000000e+00
2.049777884036523028e+04 6.639361378346496167e+03 9.252558398220244840e+00 0.000000000000000000e+00
2.055113380577408680e+04 6.656563277414523327e+03 9.270745272525028113e+00 0.000000000000000000e+00
2.060452253317140639e+04 6.673776017037559541e+03 9.288932146829809611e+00 0.000000000000000000e+00
2.065794496609699490e+04 6.690999582135204037e+03 9.307119021134592884e+00 0.000000000000000000e+00
2.071140107138991152e+04 6.708233957691393698e+03 9.325305895439376158e+00 0.000000000000000000e+00
2.076489079298282741e+04 6.725479128763206973e+03 9.343492769744159432e+00 0.000000000000000000e+00
2.081841409788337842e+04 6.742735080478097188e+03 9.361679644048942706e+00 0.000000000000000000e+00
2.087197093036119259e+04 6.760001798029932615e+03 9.379866518353725979e+00 0.000000000000000000e+00
2.092556125773693566e+04 6.777279266679774992e+03 9.398053392658509253e+00 0.000000000000000000e+00
2.097918502450596498e+04 6.794567471761631168e+03 9.416240266963292527e+00 0.000000000000000000e+00
2.103284219829395806e+04 6.811866398674972515e+03 9.434427141268075800e+00 0.000000000000000000e+00
2.108653272392797953e+04 6.829176032886176472e+03 9.452614015572857298e+00 0.000000000000000000e+00
2.114025656924837676e+04 6.846496359932983978e+03 9.470800889877640572e+00 0.000000000000000000e+00
2.119401367939410193e+04 6.863827365413141706e+03 9.488987764182423845e+00 0.000000000000000000e+00
2.124780402247855818e+04 6.881169034996305527e+03 9.507174638487207119e+00 0.000000000000000000e+00
2.130162754392846546e+04 6.898521354423550292e+03 9.525361512791990393e+00 0.000000000000000000e+00
2.135548421208450964e+04 6.915884309493243563e+03 9.543548387096773666e+00 0.000000000000000000e+00
2.140937397270931979e+04 6.933257886077216426e+03 9.561735261401556940e+00 0.000000000000000000e+00
2.146329679438565654e+04 6.950642070109488486e+03 9.579922135706340214e+00 0.000000000000000000e+00
2.151725262318242312e+04 6.968036847589062745e+03 9.598109010011123488e+00 0.000000000000000000e+00
2.157124142792728526e+04 6.985442204584643150e+03 9.616295884315906761e+00 0.000000000000000000e+00
2.162526315494297523e+04 7.002858127225895259e+03 9.634482758620688259e+00 0.000000000000000000e+00
2.167931777332833008e+04 7.020284601708056471e+03 9.652669632925471532e+00 0.000000000000000000e+00
2.173340522971542669e+04 7.037721614296483494e+03 9.670856507230254806e+00 0.000000000000000000e+00
2.178752549341005579e+04 7.055169151312063150e+03 9.689043381535038080e+00 0.000000000000000000e+00
2.184167851140725179e+04 7.072627199147642386e+03 9.707230255839821353e+00 0.000000000000000000e+00
2.189586425315491579e+04 7.090095744251875658e+03 9.725417130144604627e+00 0.000000000000000000e+00
2.195008266596413523e+04 7.107574773147121050e+03 9.743604004449387901e+00 0.000000000000000000e+00
2.200433371954739050e+04 7.125064272411254933e+03 9.761790878754171175e+00 0.000000000000000000e+00
2.205861736147136980e+04 7.142564228686579554e+03 9.779977753058954448e+00 0.000000000000000000e+00
2.211293356166726153e+04 7.160074628683492847e+03 9.798164627363737722e+00 0.000000000000000000e+00
2.216728226806674866e+04 7.177595459166130240e+03 9.816351501668519219e+00 0.000000000000000000e+00
2.222166345076479774e+04 7.195126706965726953e+03 9.834538375973302493e+00 0.000000000000000000e+00
2.227607705798514507e+04 7.212668358979819459e+03 9.852725250278085767e+00 0.000000000000000000e+00
2.233052306000004683e+04 7.230220402158888646e+03 9.870912124582869041e+00 0.000000000000000000e+00
2.238500140536804975e+04 7.247782823519480189e+03 9.889098998887652314e+00 0.000000000000000000e+00
2.243951206461105903e+04 7.265355610142174555e+03 9.907285873192435588e+00 0.000000000000000000e+00
2.249405498650954542e+04 7.282938749164415640e+03 9.925472747497218862e+00 0.000000000000000000e+00
2.254863014178033700e+04 7.300532227782751761e+03 9.943659621802002135e+00 0.000000000000000000e+00
2.260323747956103762e+04 7.318136033260395379e+03 9.961846496106785409e+00 0.000000000000000000e+00
2.265787697077273333e+04 7.335750152914287355e+03 9.980033370411566906e+00 0.000000000000000000e+00
2.271254856484986158e+04 7.353374574123809907e+03 9.998220244716350180e+00 0.000000000000000000e+00
2.276725223280861246e+04 7.371009284332664720e+03 1.001640711902113345e+01 0.000000000000000000e+00
2.282198792442402919e+04 7.388654271034712110e+03 1.003459399332591673e+01 0.000000000000000000e+00
2.287675561094809018e+04 7.406309521789406972e+03 1.005278086763070000e+01 0.000000000000000000e+00
2.293155524246109781e+04 7.423975024213952565e+03 1.007096774193548328e+01 0.000000000000000000e+00
2.298638679035910900e+04 7.441650765982726625e+03 1.008915461624026655e+01 0.000000000000000000e+00
2.304125020498969025e+04 7.459336734828359113e+03 1.010734149054504982e+01 0.000000000000000000e+00
2.309614545798405379e+04 7.477032918547555710e+03 1.012552836484983310e+01 0.000000000000000000e+00
2.315107250000294516e+04 7.494739304982219437e+03 1.014371523915461637e+01 0.000000000000000000e+00
2.320603130277040327e+04 7.512455882044458122e+03 1.016190211345939787e+01 0.000000000000000000e+00
2.326102181724469483e+04 7.530182637698576400e+03 1.018008898776418114e+01 0.000000000000000000e+00
2.331604401539572063e+04 7.547919559961318555e+03 1.019827586206896441e+01 0.000000000000000000e+00
2.337109784846349066e+04 7.565666636914492301e+03 1.021646273637374769e+01 0.000000000000000000e+00
2.342618328854570063e+04 7.583423856694894312e+03 1.023464961067853096e+01 0.000000000000000000e+00
2.348130028718068570e+04 7.601191207486190251e+03 1.025283648498331424e+01 0.000000000000000000e+00
2.353644881665462890e+04 7.618968677542087789e+03 1.027102335928809751e+01 0.000000000000000000e+00
2.359162882876557705e+04 7.636756255160857108e+03 1.028921023359288078e+01 0.000000000000000000e+00
2.364684029598522102e+04 7.654553928702202029e+03 1.030739710789766406e+01 0.000000000000000000e+00
2.370208317044289652e+04 7.672361686579341040e+03 1.032558398220244733e+01 0.000000000000000000e+00
2.375735742474564540e+04 7.690179517261210094e+03 1.034377085650722883e+01 0.000000000000000000e+00
2.381266301125667815e+04 7.708007409266045215e+03 1.036195773081201210e+01 0.000000000000000000e+00
2.386799990277989491e+04 7.725845351175573342e+03 1.038014460511679538e+01 0.000000000000000000e+00
2.392336805195333363e+04 7.743693331622326696e+03 1.039833147942157865e+01 0.000000000000000000e+00
2.397876743177558819e+04 7.761551339286866096e+03 1.041651835372636192e+01 0.000000000000000000e+00
2.403419799518232685e+04 7.779419362913143232e+03 1.043470522803114520e+01 0.000000000000000000e+00
2.408965971526720386e+04 7.797297391289502229e+03 1.045289210233592847e+01 0.000000000000000000e+00
2.414515254524253760e+04 7.815185413264605813e+03 1.047107897664071174e+01 0.000000000000000000e+00
2.420067645843614446e+04 7.833083417735138028e+03 1.048926585094549502e+01 0.000000000000000000e+00
2.425623140824940492e+04 7.850991393653292107e+03 1.050745272525027652e+01 0.000000000000000000e+00
2.431181736819625075e+04 7.868909330022323047e+03 1.052563959955505979e+01 0.000000000000000000e+00
2.436743429194855344e+04 7.886837215898793147e+03 1.054382647385984306e+01 0.000000000000000000e+00
2.442308215325883793e+04 7.904775040391500625e+03 1.056201334816462634e+01 0.000000000000000000e+00
2.447876090594431662e+04 7.922722792657574246e+03 1.058020022246940961e+01 0.000000000000000000e+00
2.453447052395728315e+04 7.940680461907193603e+03 1.059838709677419288e+01 0.000000000000000000e+00
2.459021096140381269e+04 7.958648037404595925e+03 1.061657397107897616e+01 0.000000000000000000e+00
2.464598219240065009e+04 7.976625508462683683e+03 1.063476084538375943e+01 0.000000000000000000e+00
2.470178417126563363e+04 7.994612864445386549e+03 1.065294771968854270e+01 0.000000000000000000e+00
2.475761687233770863e+04 8.012610094766012480e+03 1.067113459399332598e+01 0.000000000000000000e+00
2.481348025011390928e+04 8.030617188887143129e+03 1.068932146829810748e+01 0.000000000000000000e+00
2.486937427911639679e+04 8.048634136324460997e+03 1.070750834260289075e+01 0.000000000000000000e+00
2.492529891411415156e+04 8.066660926643161474e+03 1.072569521690767402e+01 0.000000000000000000e+00
2.498125412979977409e+04 8.084697549455724584e+03 1.074388209121245730e+01 0.000000000000000000e+00
2.503723988114346503e+04 8.102743994422821743e+03 1.076206896551724057e+01 0.000000000000000000e+00
2.509325614306304124e+04 8.120800251259785000e+03 1.078025583982202384e+01 0.000000000000000000e+00
2.514930287075601154e+04 8.138866309724460734e+03 1.079844271412680712e+01 0.000000000000000000e+00
2.520538003926723104e+04 8.156942159624413762e+03 1.081662958843159039e+01 0.000000000000000000e+00
2.526148760407492591e+04 8.175027790816326160e+03 1.083481646273637367e+01 0.000000000000000000e+00
2.531762554032376283e+04 8.193123193209250530e+03 1.085300333704115694e+01 0.000000000000000000e+00
2.537379380372773448e+04 8.211228356753556000e+03 1.087119021134593844e+01 0.000000000000000000e+00
2.542999236964739248e+04 8.229343271448491578e+03 1.088937708565072171e+01 0.000000000000000000e+00
2.548622119403760371e+04 8.247467927341407631e+03 1.090756395995550498e+01 0.000000000000000000e+00
2.554248025237713591e+04 8.265602314528414354e+03 1.092575083426028826e+01 0.000000000000000000e+00
2.559876950086505167e+04 8.283746423151565978e+03 1.094393770856507153e+01 0.000000000000000000e+00
2.565508891518575547e+04 8.301900243398360544e+03 1.096212458286985481e+01 0.000000000000000000e+00
2.571143845169770429e+04 8.320063765502871320e+03 1.098031145717463808e+01 0.000000000000000000e+00
2.576781808621717573e+04 8.338236979743833217e+03 1.099849833147942135e+01 0.000000000000000000e+00
2.582422777539811796e+04 8.356419876450221636e+03 1.101668520578420463e+01 0.000000000000000000e+00
2.588066749524508850e+04 8.374612445991850109e+03 1.103487208008898612e+01 0.000000000000000000e+00
2.593713720257389650e+04 8.392814678789665777e+03 1.105305895439376940e+01 0.000000000000000000e+00
2.599363687349608881e+04 8.411026565301137452e+03 1.107124582869855267e+01 0.000000000000000000e+00
2.605016646512740408e+04 8.429248096035134949e+03 1.108943270300333594e+01 0.000000000000000000e+00
2.610672595376660684e+04 8.447479261547048736e+03 1.110761957730811922e+01 0.000000000000000000e+00
2.616331529671705721e+04 8.465720052431468503e+03 1.112580645161290249e+01 0.000000000000000000e+00
2.621993447035255303e+04 8.483970459330748781e+03 1.114399332591768577e+01 0.000000000000000000e+00
2.627658343227047590e+04 8.502230472927061783e+03 1.116218020022246904e+01 0.000000000000000000e+00
2.633326215901501564e+04 8.520500083951561464e+03 1.118036707452725231e+01 0.000000000000000000e+00
2.638997060837378376e+04 8.538779283176207173e+03 1.119855394883203559e+01 0.000000000000000000e+00
2.644670875703332786e+04 8.557068061413892792e+03 1.121674082313681708e+01 0.000000000000000000e+00
2.650347656297020512e+04 8.575366409530042802e+03 1.123492769744160036e+01 0.000000000000000000e+00
2.656027400307119387e+04 8.593674318420076816e+03 1.125311457174638363e+01 0.000000000000000000e+00
2.661710103555222304e+04 8.611991779031879560e+03 1.127130144605116691e+01 0.000000000000000000e+00
2.667395763735437868e+04 8.630318782353895585e+03 1.128948832035595018e+01 0.000000000000000000e+00
2.673084376689860073e+04 8.648655319410112497e+03 1.130767519466073345e+01 0.000000000000000000e+00
2.678775940140730745e+04 8.667001381273126754e+03 1.132586206896551673e+01 0.000000000000000000e+00
2.684470449943554195e+04 8.685356959061977250e+03 1.134404894327030000e+01 0.000000000000000000e+00
2.690167903831383956e+04 8.703722043922387456e+03 1.136223581757508327e+01 0.000000000000000000e+00
2.695868297686246297e+04 8.722096627059463572e+03 1.138042269187986655e+01 0.000000000000000000e+00
2.701571629248845056e+04 8.740480699700765399e+03 1.139860956618464805e+01 0.000000000000000000e+00
2.707277894426676721e+04 8.758874253131642035e+03 1.141679644048943132e+01 0.000000000000000000e+00
2.712987090981183428e+04 8.777277278670015221e+03 1.143498331479421459e+01 0.000000000000000000e+00
2.718699214832584039e+04 8.795689767671587106e+03 1.145317018909899787e+01 0.000000000000000000e+00
2.724414263755332286e+04 8.814111711538738746e+03 1.147135706340378114e+01 0.000000000000000000e+00
2.730132233690027351e+04 8.832543101707859023e+03 1.148954393770856441e+01 0.000000000000000000e+00
2.735853122433848694e+04 8.850983929661366346e+03 1.150773081201334769e+01 0.000000000000000000e+00
2.741576925939188732e+04 8.869434186919956119e+03 1.152591768631813096e+01 0.000000000000000000e+00
2.747303642016561571e+04 8.887893865038799049e+03 1.154410456062291424e+01 0.000000000000000000e+00
2.753033266644732794e+04 8.906362955617987609e+03 1.156229143492769573e+01 0.000000000000000000e+00
2.758765797643315454e+04 8.924841450293071830e+03 1.158047830923247901e+01 0.000000000000000000e+00
2.764501231011942946e+04 8.943329340736794620e+03 1.159866518353726228e+01 0.000000000000000000e+00
2.770239564584712934e+04 8.961826618668608717e+03 1.161685205784204555e+01 0.000000000000000000e+00
2.775980794380496809e+04 8.980333275838624104e+03 1.163503893214682883e+01 0.000000000000000000e+00
2.781724918248336326e+04 8.998849304040215429e+03 1.165322580645161210e+01 0.000000000000000000e+00
2.787471932226564968e+04 9.017374695096867072e+03 1.167141268075639537e+01 0.000000000000000000e+00
2.793221834174805554e+04 9.035909440875300788e+03 1.168959955506117865e+01 0.000000000000000000e+00
2.798974620148297618e+04 9.054453533287800383e+03 1.170778642936596192e+01 0.000000000000000000e+00
2.804730288026442213e+04 9.073006964267247895e+03 1.172597330367074520e+01 0.000000000000000000e+00
2.810488833883716507e+04 9.091569725795267004e+03 1.174416017797552669e+01 0.000000000000000000e+00
2.816250255607407598e+04 9.110141809887012641e+03 1.176234705228030997e+01 0.000000000000000000e+00
2.822014549296729092e+04 9.128723208595505639e+03 1.178053392658509324e+01 0.000000000000000000e+00
2.827781712852803321e+04 9.147313914008915162e+03 1.179872080088987651e+01 0.000000000000000000e+00
2.833551742391586595e+04 9.165913918254091186e+03 1.181690767519465979e+01 0.000000000000000000e+00
2.839324635826383746e+04 9.184523213490530907e+03 1.183509454949944306e+01 0.000000000000000000e+00
2.845100389292812542e+04 9.203141791915120848e+03 1.185328142380422634e+01 0.000000000000000000e+00
2.850879000714496215e+04 9.221769645762622531e+03 1.187146829810900961e+01 0.000000000000000000e+00
2.856660466245596035e+04 9.240406767301225045e+03 1.188965517241379288e+01 0.000000000000000000e+00
2.862444783824107435e+04 9.259053148833851083e+03 1.190784204671857616e+01 0.000000000000000000e+00
2.868231949625520429e+04 9.277708782703748511e+03 1.192602892102335765e+01 0.000000000000000000e+00
2.874021961601897419e+04 9.296373661279358203e+03 1.194421579532814093e+01 0.000000000000000000e+00
2.879814815943508074e+04 9.315047776971214262e+03 1.196240266963292420e+01 0.000000000000000000e+00
2.885610510613489168e+04 9.333731122226992738e+03 1.198058954393770748e+01 0.000000000000000000e+00
2.891409041820510902e+04 9.352423689521167034e+03 1.199877641824249075e+01 0.000000000000000000e+00
2.897210407546081478e+04 9.371125471366958664e+03 1.201696329254727402e+01 0.000000000000000000e+00
2.903014604011391930e+04 9.389836460308810274e+03 1.203515016685205730e+01 0.000000000000000000e+00
2.908821629213864071e+04 9.408556648927853530e+03 1.205333704115684057e+01 0.000000000000000000e+00
2.914631479386144929e+04 9.427286029840439369e+03 1.207152391546162384e+01 0.000000000000000000e+00
2.920444152543487144e+04 9.446024595691815193e+03 1.208971078976640534e+01 0.000000000000000000e+00
2.926259644942864907e+04 9.464772339158609611e+03 1.210789766407118861e+01 0.000000000000000000e+00
2.932077954601709644e+04 9.483529252961010570e+03 1.212608453837597189e+01 0.000000000000000000e+00
2.937899077795278936e+04 9.502295329841612329e+03 1.214427141268075516e+01 0.000000000000000000e+00
2.943723012559422205e+04 9.521070562581015110e+03 1.216245828698553844e+01 0.000000000000000000e+00
2.949549755179010754e+04 9.539854943990241736e+03 1.218064516129032171e+01 0.000000000000000000e+00
2.955379303707648069e+04 9.558648466911792639e+03 1.219883203559510498e+01 0.000000000000000000e+00
2.961211654446538159e+04 9.577451124224520754e+03 1.221701890989988826e+01 0.000000000000000000e+00
2.967046805460529868e+04 9.596262908835526105e+03 1.223520578420467153e+01 0.000000000000000000e+00
2.972884753068681312e+04 9.615083813686302165e+03 1.225339265850945480e+01 0.000000000000000000e+00
2.978725495345361560e+04 9.633913831743278934e+03 1.227157953281423630e+01 0.000000000000000000e+00
2.984569028632724439e+04 9.652752956014674055e+03 1.228976640711901958e+01 0.000000000000000000e+00
2.990415351015127453e+04 9.671601179537989083e+03 1.230795328142380285e+01 0.000000000000000000e+00
2.996264458845420813e+04 9.690458495368957301e+03 1.232614015572858612e+01 0.000000000000000000e+00
3.002116350223807240e+04 9.709324896611793520e+03 1.234432703003336940e+01 0.000000000000000000e+00
3.007971021521600051e+04 9.728200376391354439e+03 1.236251390433815267e+01 0.000000000000000000e+00
3.013828470848229335e+04 9.747084927864365454e+03 1.238070077864293594e+01 0.000000000000000000e+00
3.019688694592948377e+04 9.765978544219213290e+03 1.239888765294771922e+01 0.000000000000000000e+00
3.025551690882142793e+04 9.784881218671658644e+03 1.241707452725250249e+01 0.000000000000000000e+00
3.031417456114670131e+04 9.803792944477785568e+03 1.243526140155728577e+01 0.000000000000000000e+00
3.037285988430691941e+04 9.822713714909008559e+03 1.245344827586206726e+01 0.000000000000000000e+00
3.043157284243376489e+04 9.841643523274195104e+03 1.247163515016685054e+01 0.000000000000000000e+00
3.049031341704328224e+04 9.860582362912124154e+03 1.248982202447163381e+01 0.000000000000000000e+00
3.054908157248059069e+04 9.879530227188073695e+03 1.250800889877641708e+01 0.000000000000000000e+00
3.060787729031106937e+04 9.898487109500585575e+03 1.252619577308120036e+01 0.000000000000000000e+00
3.066670053502991868e+04 9.917453003271783018e+03 1.254438264738598363e+01 0.000000000000000000e+00
3.072555128847934975e+04 9.936427901957389622e+03 1.256256952169076690e+01 0.000000000000000000e+00
3.078442951519516282e+04 9.955411799039689868e+03 1.258075639599555018e+01 0.000000000000000000e+00
3.084333519705280560e+04 9.974404688029408135e+03 1.259894327030033345e+01 0.000000000000000000e+00
3.090226829881650701e+04 9.993406562464529998e+03 1.261713014460511495e+01 0.000000000000000000e+00
3.096122880250931485e+04 1.001241741591479149e+04 1.263531701890989822e+01 0.000000000000000000e+00
3.102021667301616253e+04 1.003143724197572374e+04 1.265350389321468150e+01 0.000000000000000000e+00
3.107923189247807022e+04 1.005046603426992988e+04 1.267169076751946477e+01 0.000000000000000000e+00
3.113827442598651760e+04 1.006950378644894590e+04 1.268987764182424804e+01 0.000000000000000000e+00
3.119734425570582607e+04 1.008855049218962813e+04 1.270806451612903132e+01 0.000000000000000000e+00
3.125644134690140345e+04 1.010760614519969749e+04 1.272625139043381459e+01 0.000000000000000000e+00
3.131556568189868995e+04 1.012667073921393785e+04 1.274443826473859787e+01 0.000000000000000000e+00
3.137471722611905352e+04 1.014574426799309003e+04 1.276262513904338114e+01 0.000000000000000000e+00
3.143389596196481580e+04 1.016482672531813296e+04 1.278081201334816441e+01 0.000000000000000000e+00
3.149310185501790329e+04 1.018391810501106556e+04 1.279899888765294591e+01 0.000000000000000000e+00
3.155233488778135870e+04 1.020301840090791302e+04 1.281718576195772918e+01 0.000000000000000000e+00
3.161159502592063291e+04 1.022212760687796435e+04 1.283537263626251246e+01 0.000000000000000000e+00
3.167088225211299141e+04 1.024124571681140515e+04 1.285355951056729573e+01 0.000000000000000000e+00
3.173019653221975386e+04 1.026037272462970395e+04 1.287174638487207901e+01 0.000000000000000000e+00
3.178953784901140170e+04 1.027950862427945140e+04 1.288993325917686228e+01 0.000000000000000000e+00
3.184890616847841011e+04 1.029865340973017010e+04 1.290812013348164555e+01 0.000000000000000000e+00
3.190830147345244040e+04 1.031780707498071206e+04 1.292630700778642883e+01 0.000000000000000000e+00
3.196772373009734292e+04 1.033696961404733884e+04 1.294449388209121210e+01 0.000000000000000000e+00
3.202717292138147968e+04 1.035614102098715011e+04 1.296268075639599537e+01 0.000000000000000000e+00
3.208664901359591022e+04 1.037532128986702082e+04 1.298086763070077687e+01 0.000000000000000000e+00
3.214615198983439041e+04 1.039451041478480147e+04 1.299905450500556015e+01 0.000000000000000000e+00
3.220568181648695463e+04 1.041370838986336275e+04 1.301724137931034342e+01 0.000000000000000000e+00
3.226523847676074001e+04 1.043291520925517580e+04 1.303542825361512669e+01 0.000000000000000000e+00
3.232482193722247393e+04 1.045213086712715085e+04 1.305361512791990997e+01 0.000000000000000000e+00
3.238443218116527351e+04 1.047135535767666806e+04 1.307180200222469324e+01 0.000000000000000000e+00
3.244406917533598971e+04 1.049058867512961660e+04 1.308998887652947651e+01 0.000000000000000000e+00
3.250373290303993053e+04 1.050983081372294691e+04 1.310817575083425979e+01 0.000000000000000000e+00
3.256342333124658035e+04 1.052908176773353807e+04 1.312636262513904306e+01 0.000000000000000000e+00
3.262314044334733626e+04 1.054834153144792981e+04 1.314454949944382456e+01 0.000000000000000000e+00
3.268288420642755227e+04 1.056761009918904529e+04 1.316273637374860783e+01 0.000000000000000000e+00
3.274265460399632138e+04 1.058688746529210039e+04 1.318092324805339111e+01 0.000000000000000000e+00
3.280245160330102954e+04 1.060617362412546208e+04 1.319911012235817438e+01 0.000000000000000000e+00
3.286227518797593075e+04 1.062546857007393010e+04 1.321729699666295765e+01 0.000000000000000000e+00
3.292212532534857746e+04 1.064477229754754080e+04 1.323548387096774093e+01 0.000000000000000000e+00
3.298200199911547679e+04 1.066408480097826578e+04 1.325367074527252420e+01 0.000000000000000000e+00
3.304190517674777220e+04 1.068340607482644737e+04 1.327185761957730747e+01 0.000000000000000000e+00
3.310183484216299985e+04 1.070273611356699075e+04 1.329004449388209075e+01 0.000000000000000000e+00
3.316179096285489504e+04 1.072207491170321919e+04 1.330823136818687402e+01 0.000000000000000000e+00
3.322177352291315765e+04 1.074142246375840114e+04 1.332641824249165552e+01 0.000000000000000000e+00
3.328178248994444584e+04 1.076077876428085983e+04 1.334460511679643879e+01 0.000000000000000000e+00
3.334181784811785474e+04 1.078014380783957677e+04 1.336279199110122207e+01 0.000000000000000000e+00
3.340187956517395651e+04 1.079951758902222718e+04 1.338097886540600534e+01 0.000000000000000000e+00
3.346196762535356538e+04 1.081890010244248333e+04 1.339916573971078861e+01 0.000000000000000000e+00
3.352208199657472869e+04 1.083829134273422460e+04 1.341735261401557189e+01 0.000000000000000000e+00
3.358222266320392373e+04 1.085769130455370941e+04 1.343553948832035516e+01 0.000000000000000000e+00
3.364238959322556912e+04 1.087709998258093401e+04 1.345372636262513844e+01 0.000000000000000000e+00
3.370258277114641533e+04 1.089651737151120869e+04 1.347191323692992171e+01 0.000000000000000000e+00
3.376280216507431760e+04 1.091594346606801082e+04 1.349010011123470498e+01 0.000000000000000000e+00
3.382304775957739912e+04 1.093537826098983714e+04 1.350828698553948648e+01 0.000000000000000000e+00
3.388331952292077040e+04 1.095482175103782720e+04 1.352647385984426975e+01 0.000000000000000000e+00
3.394361743977204605e+04 1.097427393100100562e+04 1.354466073414905303e+01 0.000000000000000000e+00
3.400394147854216135e+04 1.099373479567841787e+04 1.356284760845383630e+01 0.000000000000000000e+00
3.406429162397548498e+04 1.101320433989423509e+04 1.358103448275861957e+01 0.000000000000000000e+00
3.412466784462321812e+04 1.103268255849900743e+04 1.359922135706340285e+01 0.000000000000000000e+00
3.418507012529487838e+04 1.105216944634914580e+04 1.361740823136818612e+01 0.000000000000000000e+00
3.424549843464185687e+04 1.107166499834086062e+04 1.363559510567296940e+01 0.000000000000000000e+00
3.430595275760575896e+04 1.109116920937208306e+04 1.365378197997775267e+01 0.000000000000000000e+00
3.436643306300108088e+04 1.111068207436940429e+04 1.367196885428253417e+01 0.000000000000000000e+00
3.442693933586447383e+04 1.113020358828183817e+04 1.369015572858731744e+01 0.000000000000000000e+00
3.448747154510253313e+04 1.114973374607226651e+04 1.370834260289210071e+01 0.000000000000000000e+00
3.454802967577124218e+04 1.116927254272559730e+04 1.372652947719688399e+01 0.000000000000000000e+00
3.460861369698671479e+04 1.118881997324393524e+04 1.374471635150166726e+01 0.000000000000000000e+00
3.466922359396047977e+04 1.120837603265756479e+04 1.376290322580645054e+01 0.000000000000000000e+00
3.472985933585772000e+04 1.122794071600455209e+04 1.378109010011123381e+01 0.000000000000000000e+00
3.479052090791516093e+04 1.124751401834695207e+04 1.379927697441601708e+01 0.000000000000000000e+00
3.485120827947798534e+04 1.126709593476638656e+04 1.381746384872080036e+01 0.000000000000000000e+00
3.491192143590492924e+04 1.128668646036522296e+04 1.383565072302558363e+01 0.000000000000000000e+00
3.497266034666597261e+04 1.130628559025714640e+04 1.385383759733036513e+01 0.000000000000000000e+00
3.503342499716684688e+04 1.132589331958621551e+04 1.387202447163514840e+01 0.000000000000000000e+00
3.509421535696853971e+04 1.134550964350265167e+04 1.389021134593993168e+01 0.000000000000000000e+00
3.515503141165729176e+04 1.136513455718497789e+04 1.390839822024471495e+01 0.000000000000000000e+00
3.521587313087637449e+04 1.138476805582032284e+04 1.392658509454949822e+01 0.000000000000000000e+00
3.527674050027005433e+04 1.140441013462635237e+04 1.394477196885428150e+01 0.000000000000000000e+00
3.533763348965220939e+04 1.142406078882338079e+04 1.396295884315906477e+01 0.000000000000000000e+00
3.539855208470233629e+04 1.144372001366710901e+04 1.398114571746384804e+01 0.000000000000000000e+00
3.545949625537769316e+04 1.146338780441833842e+04 1.399933259176863132e+01 0.000000000000000000e+00
3.552046598745838128e+04 1.148306415635436497e+04 1.401751946607341281e+01 0.000000000000000000e+00
3.558146125105274405e+04 1.150274906478566481e+04 1.403570634037819609e+01 0.000000000000000000e+00
3.564248203196822578e+04 1.152244252501998199e+04 1.405389321468297936e+01 0.000000000000000000e+00
3.570352830038560933e+04 1.154214453239630711e+04 1.407208008898776264e+01 0.000000000000000000e+00
3.576460004227435275e+04 1.156185508226698039e+04 1.409026696329254591e+01 0.000000000000000000e+00
3.582569722791521053e+04 1.158157417000043642e+04 1.410845383759732918e+01 0.000000000000000000e+00
3.588681984343288059e+04 1.160130179098229382e+04 1.412664071190211246e+01 0.000000000000000000e+00
3.594796785909159371e+04 1.162103794061575900e+04 1.414482758620689573e+01 0.000000000000000000e+00
3.600914126115891122e+04 1.164078261432102227e+04 1.416301446051167900e+01 0.000000000000000000e+00
3.607034002000662440e+04 1.166053580753809001e+04 1.418120133481646228e+01 0.000000000000000000e+00
3.613156412200311752e+04 1.168029751571500856e+04 1.419938820912124378e+01 0.000000000000000000e+00
3.619281353767167457e+04 1.170006773432409136e+04 1.421757508342602705e+01 0.000000000000000000e+00
3.625408825337561575e+04 1.171984645884947531e+04 1.423576195773081032e+01 0.000000000000000000e+00
3.631538823984890769e+04 1.173963368479836572e+04 1.425394883203559360e+01 0.000000000000000000e+00
3.637671348352642235e+04 1.175942940768683729e+04 1.427213570634037687e+01 0.000000000000000000e+00
3.643806395513439202e+04 1.177923362304537659e+04 1.429032258064516014e+01 0.000000000000000000e+00
3.649943964120958117e+04 1.179904632643092918e+04 1.430850945494994342e+01 0.000000000000000000e+00
3.656084051274549711e+04 1.181886751340866067e+04 1.432669632925472669e+01 0.000000000000000000e+00
3.662226655628836306e+04 1.183869717955744818e+04 1.434488320355950997e+01 0.000000000000000000e+00
3.668371774286372965e+04 1.185853532047939916e+04 1.436307007786429324e+01 0.000000000000000000e+00
3.674519405917611584e+04 1.187838193178811889e+04 1.438125695216907474e+01 0.000000000000000000e+00
3.680669547637424694e+04 1.189823700910564185e+04 1.439944382647385801e+01 0.000000000000000000e+00
3.686822198115950596e+04 1.191810054808721361e+04 1.441763070077864128e+01 0.000000000000000000e+00
3.692977354489541176e+04 1.193797254438403252e+04 1.443581757508342456e+01 0.000000000000000000e+00
3.699135015430810745e+04 1.195785299367321022e+04 1.445400444938820783e+01 0.000000000000000000e+00
3.705295178081942868e+04 1.197774189164665222e+04 1.447219132369299111e+01 0.000000000000000000e+00
3.711457841133443435e+04 1.199763923400415842e+04 1.449037819799777438e+01 0.000000000000000000e+00
3.717623001729315729e+04 1.201754501646854806e+04 1.450856507230255765e+01 0.000000000000000000e+00
3.723790658572765096e+04 1.203745923477873112e+04 1.452675194660734093e+01 0.000000000000000000e+00
3.729960808825540880e+04 1.205738188467601321e+04 1.454493882091212242e+01 0.000000000000000000e+00
3.736133451189644984e+04 1.207731296192849550e+04 1.456312569521690570e+01 0.000000000000000000e+00
3.742308582834761910e+04 1.209725246231206074e+04 1.458131256952168897e+01 0.000000000000000000e+00
3.748486202477459301e+04 1.211720038162116180e+04 1.459949944382647224e+01 0.000000000000000000e+00
3.754666307294060243e+04 1.213715671565944285e+04 1.461768631813125552e+01 0.000000000000000000e+00
3.760848896009430609e+04 1.215712146024944013e+04 1.463587319243603879e+01 0.000000000000000000e+00
3.767033965812253882e+04 1.217709461122781795e+04 1.465406006674082207e+01 0.000000000000000000e+00
3.773221515434663888e+04 1.219707616443949337e+04 1.467224694104560534e+01 0.000000000000000000e+00
3.779411542080627260e+04 1.221706611575190982e+04 1.469043381535038861e+01 0.000000000000000000e+00
3.785604044482143217e+04 1.223706446103594317e+04 1.470862068965517189e+01 0.000000000000000000e+00
3.791799019851862977e+04 1.225707119618859542e+04 1.472680756395995338e+01 0.000000000000000000e+00
3.797996466939617676e+04 1.227708631710810005e+04 1.474499443826473666e+01 0.000000000000000000e+00
3.804196382960604387e+04 1.229710981971649380e+04 1.476318131256951993e+01 0.000000000000000000e+00
3.810398766675245861e+04 1.231714169994265831e+04 1.478136818687430321e+01 0.000000000000000000e+00
3.816603615308756707e+04 1.233718195372922673e+04 1.479955506117908648e+01 0.000000000000000000e+00
3.822810927624456235e+04 1.235723057703332961e+04 1.481774193548386975e+01 0.000000000000000000e+00
3.829020700860863872e+04 1.237728756583127688e+04 1.483592880978865303e+01 0.000000000000000000e+00
3.835232933792485710e+04 1.239735291609912565e+04 1.485411568409343630e+01 0.000000000000000000e+00
3.841447623666874279e+04 1.241742662383792231e+04 1.487230255839821957e+01 0.000000000000000000e+00
3.847664769266264193e+04 1.243750868505683502e+04 1.489048943270300285e+01 0.000000000000000000e+00
3.853884367836495949e+04 1.245759909577742656e+04 1.490867630700778435e+01 0.000000000000000000e+00
3.860106418178864988e+04 1.247769785203671927e+04 1.492686318131256762e+01 0.000000000000000000e+00
3.866330917551983293e+04 1.249780494987820202e+04 1.494505005561735089e+01 0.000000000000000000e+00
3.872557864759197400e+04 1.251792038536300788e+04 1.496323692992213417e+01 0.000000000000000000e+00
3.878787257069434418e+04 1.253804415457035248e+04 1.498142380422691744e+01 0.000000000000000000e+00
3.885019093289852754e+04 1.255817625357897305e+04 1.499961067853170071e+01 0.000000000000000000e+00
3.891253370702599932e+04 1.257831667848685720e+04 1.501779755283648399e+01 0.000000000000000000e+00
3.897490088122152520e+04 1.259846542540516384e+04 1.503598442714126726e+01 0.000000000000000000e+00
3.903729242840088409e+04 1.261862249045457247e+04 1.505417130144605053e+01 0.000000000000000000e+00
3.909970833679870702e+04 1.263878786976911942e+04 1.507235817575083203e+01 0.000000000000000000e+00
3.916214857936284534e+04 1.265896155949579770e+04 1.509054505005561531e+01 0.000000000000000000e+00
3.922461314449144265e+04 1.267914355578818140e+04 1.510873192436039858e+01 0.000000000000000000e+00
3.928710200523744425e+04 1.269933385481881851e+04 1.512691879866518185e+01 0.000000000000000000e+00
3.934961514998249186e+04 1.271953245277113820e+04 1.514510567296996513e+01 0.000000000000000000e+00
3.941215255187831644e+04 1.273973934582753463e+04 1.516329254727474840e+01 0.000000000000000000e+00
3.947471419941089698e+04 1.275995453020597779e+04 1.518147942157953167e+01 0.000000000000000000e+00
3.953730006582379428e+04 1.278017800211378199e+04 1.519966629588431495e+01 0.000000000000000000e+00
3.959991013965027378e+04 1.280040975777956555e+04 1.521785317018909822e+01 0.000000000000000000e+00
3.966254439433015068e+04 1.282064979343822233e+04 1.523604004449388150e+01 0.000000000000000000e+00
3.972520281838838127e+04 1.284089810534530261e+04 1.525422691879866299e+01 0.000000000000000000e+00
3.978788538530259393e+04 1.286115468976082411e+04 1.527241379310344627e+01 0.000000000000000000e+00
3.985059208372712601e+04 1.288141954295349024e+04 1.529060066740822954e+01 0.000000000000000000e+00
3.991332288727640844e+04 1.290169266120662542e+04 1.530878754171301281e+01 0.000000000000000000e+00
3.997607778464363946e+04 1.292197404081453533e+04 1.532697441601779609e+01 0.000000000000000000e+00
4.003885674953919079e+04 1.294226367808160830e+04 1.534516129032257936e+01 0.000000000000000000e+00
4.010165977064765320e+04 1.296256156932328850e+04 1.536334816462736264e+01 0.000000000000000000e+00
4.016448682178339368e+04 1.298286771086505178e+04 1.538153503893214591e+01 0.000000000000000000e+00
4.022733789173923287e+04 1.300318209904085597e+04 1.539972191323692918e+01 0.000000000000000000e+00
4.029021295445763826e+04 1.302350473020250683e+04 1.541790878754171246e+01 0.000000000000000000e+00
4.035311199879095511e+04 1.304383560070521708e+04 1.543609566184649395e+01 0.000000000000000000e+00
4.041603499876263959e+04 1.306417470691662675e+04 1.545428253615127723e+01 0.000000000000000000e+00
4.047898194327054807e+04 1.308452204521375643e+04 1.547246941045606050e+01 0.000000000000000000e+00
4.054195280643651495e+04 1.310487761198761473e+04 1.549065628476084377e+01 0.000000000000000000e+00
4.060494757719797781e+04 1.312524140363511469e+04 1.550884315906562705e+01 0.000000000000000000e+00
4.066796622975169157e+04 1.314561341656643344e+04 1.552703003337041032e+01 0.000000000000000000e+00
4.073100875317284954e+04 1.316599364719584082e+04 1.554521690767519360e+01 0.000000000000000000e+00
4.079407512170993141e+04 1.318638209195730997e+04 1.556340378197997687e+01 0.000000000000000000e+00
4.085716532452029060e+04 1.320677874728536699e+04 1.558159065628476014e+01 0.000000000000000000e+00
4.092027933595151262e+04 1.322718360962855331e+04 1.559977753058954164e+01 0.000000000000000000e+00
4.098341714519891684e+04 1.324759667544886543e+04 1.561796440489432491e+01 0.000000000000000000e+00
4.104657872672757367e+04 1.326801794120911109e+04 1.563615127919910819e+01 0.000000000000000000e+00
4.110976406978364685e+04 1.328844740338689371e+04 1.565433815350389146e+01 0.000000000000000000e+00
4.117297314884675143e+04 1.330888505847356100e+04 1.567252502780867474e+01 0.000000000000000000e+00
4.123620595333381789e+04 1.332933090295813054e+04 1.569071190211345801e+01 0.000000000000000000e+00
4.129946245776821888e+04 1.334978493335149869e+04 1.570889877641824128e+01 0.000000000000000000e+00
4.136274265160420327e+04 1.337024714616719757e+04 1.572708565072302456e+01 0.000000000000000000e+00
4.142604650948532071e+04 1.339071753792860000e+04 1.574527252502780783e+01 0.000000000000000000e+00
4.148937402094321442e+04 1.341119610516575995e+04 1.576345939933259110e+01 0.000000000000000000e+00
4.155272516065532545e+04 1.343168284442957702e+04 1.578164627363737260e+01 0.000000000000000000e+00
4.161609991822679149e+04 1.345217775226260710e+04 1.579983314794215588e+01 0.000000000000000000e+00
4.167949826851511898e+04 1.347268082522876102e+04 1.581802002224693915e+01 0.000000000000000000e+00
4.174292020112150931e+04 1.349319205989836701e+04 1.583620689655172242e+01 0.000000000000000000e+00
4.180636569094139122e+04 1.351371145284519480e+04 1.585439377085650570e+01 0.000000000000000000e+00
4.186983472765300394e+04 1.353423900066202259e+04 1.587258064516128897e+01 0.000000000000000000e+00
4.193332728623315779e+04 1.355477469993976592e+04 1.589076751946607224e+01 0.000000000000000000e+00
4.199684335650204594e+04 1.357531854728291182e+04 1.590895439377085552e+01 0.000000000000000000e+00
4.206038291353043314e+04 1.359587053930719958e+04 1.592714126807563879e+01 0.000000000000000000e+00
4.212394594710411184e+04 1.361643067262896511e+04 1.594532814238042207e+01 0.000000000000000000e+00
4.218753243237566494e+04 1.363699894388325447e+04 1.596351501668520356e+01 0.000000000000000000e+00
4.225114235921912041e+04 1.365757534970371125e+04 1.598170189098998684e+01 0.000000000000000000e+00
4.231477570293851750e+04 1.367815988673839274e+04 1.599988876529477011e+01 0.000000000000000000e+00
4.237843245336815016e+04 1.369875255164427836e+04 1.601807563959955161e+01 0.000000000000000000e+00
4.244211258591946535e+04 1.371935334107834933e+04 1.603626251390433666e+01 0.000000000000000000e+00
4.250581609053435386e+04 1.373996225171756669e+04 1.605444938820911815e+01 0.000000000000000000e+00
4.256954294263985503e+04 1.376057928023910608e+04 1.607263626251390320e+01 0.000000000000000000e+00
4.263329313227070088e+04 1.378120442332560197e+04 1.609082313681868470e+01 0.000000000000000000e+00
4.269706663496489637e+04 1.380183767768138205e+04 1.610901001112346975e+01 0.000000000000000000e+00
4.276086344079840637e+04 1.382247904000160997e+04 1.612719688542825125e+01 0.000000000000000000e+00
4.282468352531493292e+04 1.384312850699652699e+04 1.614538375973303630e+01 0.000000000000000000e+00
4.288852687876198615e+04 1.386378607538598953e+04 1.616357063403781780e+01 0.000000000000000000e+00
4.295239347669907875e+04 1.388445174189883073e+04 1.618175750834260285e+01 0.000000000000000000e+00
4.301628330947219365e+04 1.390512550326761084e+04 1.619994438264738434e+01 0.000000000000000000e+00
4.308019635266029218e+04 1.392580735623413784e+04 1.621813125695216584e+01 0.000000000000000000e+00
4.314413259674089204e+04 1.394649729754357395e+04 1.623631813125695089e+01 0.000000000000000000e+00
4.320809201731322537e+04 1.396719532395694659e+04 1.625450500556173239e+01 0.000000000000000000e+00
4.327207460494184488e+04 1.398790143223579253e+04 1.627269187986651744e+01 0.000000000000000000e+00
4.333608033527464431e+04 1.400861561915033417e+04 1.629087875417129894e+01 0.000000000000000000e+00
4.340010919896418636e+04 1.402933788148355779e+04 1.630906562847608399e+01 0.000000000000000000e+00
4.346416117173562816e+04 1.405006821601446245e+04 1.632725250278086548e+01 0.000000000000000000e+00
4.352823624429375923e+04 1.407080661954025163e+04 1.634543937708565053e+01 0.000000000000000000e+00
4.359233439244062174e+04 1.409155308886146850e+04 1.636362625139043203e+01 0.000000000000000000e+00
4.365645560695719905e+04 1.411230762078524094e+04 1.638181312569521708e+01 0.000000000000000000e+00
