1.463823124162572792e-08 3.102389459580170364e-14 1.580999910000000098e-11 0.000000000000000000e+00
3.677422856185797306e-08 1.518088365341670710e-13 3.972000160000000050e-11 0.000000000000000000e+00
9.234033139794552963e-08 7.187695355069227649e-13 9.975999889999999595e-11 0.000000000000000000e+00
2.320232291201429640e-07 3.288521594461813674e-12 2.506000130000000197e-10 0.000000000000000000e+00
5.828494618133096124e-07 1.447521181330951529e-11 6.293999769999999988e-10 0.000000000000000000e+00
1.463823168825368642e-06 6.091782146047344008e-11 1.581000000000000021e-09 0.000000000000000000e+00
3.677981308619920270e-06 2.442273403305047010e-10 3.972000059999999786e-09 0.000000000000000000e+00
4.629857056721752111e-06 3.284166971862438910e-10 4.999999969999999764e-09 0.000000000000000000e+00
9.239615464493077993e-06 8.961255214381420911e-10 9.975999579999999662e-09 0.000000000000000000e+00
1.843456900401965569e-05 2.393590877623939815e-09 1.989999990000000115e-08 0.000000000000000000e+00
3.678539627065654838e-05 6.282268680214382439e-09 3.971999970000000254e-08 0.000000000000000000e+00
7.341447376060741706e-05 1.626172364895042598e-08 7.924000299999999781e-08 0.000000000000000000e+00
1.464939649397052417e-04 4.169048503796338524e-08 1.580999939999999977e-07 0.000000000000000000e+00
1.844573537293434909e-04 5.456677043322912348e-08 1.989999989999999916e-07 0.000000000000000000e+00
2.923738119696293511e-04 1.017273328494863864e-07 3.154999889999999993e-07 0.000000000000000000e+00
4.634323291648058223e-04 1.891581118803037242e-07 4.999999989999999737e-07 0.000000000000000000e+00
5.834077579276462965e-04 2.578494796784279277e-07 6.294000059999999799e-07 0.000000000000000000e+00
7.347029790084859879e-04 3.144819138008040052e-07 7.923999869999999809e-07 0.000000000000000000e+00
9.250781498436802920e-04 4.283943847699866793e-07 9.975999549999999288e-07 0.000000000000000000e+00
1.466056319785618862e-03 7.943278405538188799e-07 1.580999989999999946e-06 0.000000000000000000e+00
2.324698425636444968e-03 1.471304108977222201e-06 2.506000100000000171e-06 0.000000000000000000e+00
3.685239057615007259e-03 2.723983865564984854e-06 3.971999829999999852e-06 0.000000000000000000e+00
4.640464481911568337e-03 3.535730247878517598e-06 4.999999870000000149e-06 0.000000000000000000e+00
5.839660551585529845e-03 4.809736322018758524e-06 6.293999829999999812e-06 0.000000000000000000e+00
7.358195734702993422e-03 6.544551317552480094e-06 7.923999869999999598e-06 0.000000000000000000e+00
9.306990174184903708e-03 8.942340665475660184e-06 9.976000000000000709e-06 0.000000000000000000e+00
2.947494082179544922e-02 3.736260049129075817e-05 3.155000000000000117e-05 0.000000000000000000e+00
9.335039973202324814e-02 1.626900066994193964e-04 9.975999999999999354e-05 0.000000000000000000e+00
1.481039973202322724e-01 2.805000334970970109e-04 1.580999999999999940e-04 0.000000000000000000e+00
2.411739169271996941e-01 4.903139906208129522e-04 2.572000099999999776e-04 0.000000000000000000e+00
3.708209915140688318e-01 5.710979901741849519e-04 3.951000100000000227e-04 0.000000000000000000e+00
6.709560183117463383e-01 7.640819897275570767e-04 7.143000299999999496e-04 0.000000000000000000e+00
4.706526786511836313e+00 7.869347722197411743e-03 5.000000010000000064e-03 0.000000000000000000e+00
9.422220332737829551e+00 1.620586400178651229e-02 1.000000000000000021e-02 0.000000000000000000e+00
1.414388912460920267e+01 2.933204857079053582e-02 1.499999999999999944e-02 0.000000000000000000e+00
1.887051362215274963e+01 4.529641849039750534e-02 2.000000000000000042e-02 0.000000000000000000e+00
2.360145879857079620e+01 6.359230560518089326e-02 2.500000000000000139e-02 0.000000000000000000e+00
2.833629466279589693e+01 8.401581487271105042e-02 2.999999999999999889e-02 0.000000000000000000e+00
3.307471516301921355e+01 1.064825635328271736e-01 3.500000000000000333e-02 0.000000000000000000e+00
3.781649609200536588e+01 1.309732257704332437e-01 4.000000000000000083e-02 0.000000000000000000e+00
4.256147007592676346e+01 1.575083407771326882e-01 4.499999999999999833e-02 0.000000000000000000e+00
4.730951105404199097e+01 1.861345366234926357e-01 5.000000000000000278e-02 0.000000000000000000e+00
5.206052411790979306e+01 2.169163287181778144e-01 5.500000000000000028e-02 0.000000000000000000e+00
5.681443791871371474e+01 2.499309569004020126e-01 5.999999999999999778e-02 0.000000000000000000e+00
6.157120031263958282e+01 2.852650312639571362e-01 6.500000000000000222e-02 0.000000000000000000e+00
6.633077378293882020e+01 3.230122822688700768e-01 7.000000000000000666e-02 0.000000000000000000e+00
7.109313331844575146e+01 3.632720299240733142e-01 7.499999999999999722e-02 0.000000000000000000e+00
8.327276355000061869e+01 4.757580356782872277e-01 8.637374860956617550e-02 0.000000000000000000e+00
1.009288380788112676e+02 7.225895875261993950e-01 1.045606229143492688e-01 0.000000000000000000e+00
1.186387487555678319e+02 1.096611681499229940e+00 1.227474972191323621e-01 0.000000000000000000e+00
1.364137407881994477e+02 1.608176201250441473e+00 1.409343715239154693e-01 0.000000000000000000e+00
1.542642128320402435e+02 2.268474258398343046e+00 1.591212458286985210e-01 0.000000000000000000e+00
1.721992796731500164e+02 3.088480337532081954e+00 1.773081201334816281e-01 0.000000000000000000e+00
1.902272209118629007e+02 4.078345074675643112e+00 1.954949944382647353e-01 0.000000000000000000e+00
2.083558830059954232e+02 5.246995996879620705e+00 2.136818687430477870e-01 0.000000000000000000e+00
2.265921553306588123e+02 6.601984314740160009e+00 2.318687430478308942e-01 0.000000000000000000e+00
2.449427845700365651e+02 8.149486614077002145e+00 2.500556173526140014e-01 0.000000000000000000e+00
2.634134635141217018e+02 9.894352636161496406e+00 2.682424916573970530e-01 0.000000000000000000e+00
2.820099151913158835e+02 1.184021170790219735e+01 2.864293659621801602e-01 0.000000000000000000e+00
3.007367606012736587e+02 1.398960220742236515e+01 3.046162402669632674e-01 0.000000000000000000e+00
3.195987850816457012e+02 1.634408604640063700e+01 3.228031145717463191e-01 0.000000000000000000e+00
3.385996644844275352e+02 1.890437237790992597e+01 3.409899888765294262e-01 0.000000000000000000e+00
3.577433454641061417e+02 2.167043710986299843e+01 3.591768631813125334e-01 0.000000000000000000e+00
3.770326864494181223e+02 2.464161803032810383e+01 3.773637374860955851e-01 0.000000000000000000e+00
3.964708982578784457e+02 2.781670953974436955e+01 3.955506117908786923e-01 0.000000000000000000e+00
4.160601425239456148e+02 3.119405037262581004e+01 4.137374860956617995e-01 0.000000000000000000e+00
4.358029927157081715e+02 3.477158980042199232e+01 4.319243604004448511e-01 0.000000000000000000e+00
4.557010229610088459e+02 3.854695294241766845e+01 4.501112347052279583e-01 0.000000000000000000e+00
4.757562591424443212e+02 4.251750088374285497e+01 4.682981090100110655e-01 0.000000000000000000e+00
4.959697837289189124e+02 4.668037380929823854e+01 4.864849833147941172e-01 0.000000000000000000e+00
5.163431549082267793e+02 5.103253430019771031e+01 5.046718576195772243e-01 0.000000000000000000e+00
5.368770457433375896e+02 5.557080751020517084e+01 5.228587319243603870e-01 0.000000000000000000e+00
5.575726165025065484e+02 6.029190821081979124e+01 5.410456062291434387e-01 0.000000000000000000e+00
5.784302008883561257e+02 6.519246894346009924e+01 5.592324805339266014e-01 0.000000000000000000e+00
5.994506213174169034e+02 7.026906658684706031e+01 5.774193548387096531e-01 0.000000000000000000e+00
6.206339313076022108e+02 7.551823869234348763e+01 5.956062291434927047e-01 0.000000000000000000e+00
6.419806670590960493e+02 8.093650152206244286e+01 6.137931034482758674e-01 0.000000000000000000e+00
6.634906514747784740e+02 8.652036749959673045e+01 6.319799777530589191e-01 0.000000000000000000e+00
6.851641786840081068e+02 9.226635456049433515e+01 6.501668520578419708e-01 0.000000000000000000e+00
7.070008826223354390e+02 9.817099750347027509e+01 6.683537263626251335e-01 0.000000000000000000e+00
7.290008528937522669e+02 1.042308593657561886e+02 6.865406006674081851e-01 0.000000000000000000e+00
7.511635693356247430e+02 1.104425362658715386e+02 7.047274749721912368e-01 0.000000000000000000e+00
7.734889491247097340e+02 1.168026643476955542e+02 7.229143492769743995e-01 0.000000000000000000e+00
7.959763470737896114e+02 1.233079271132830428e+02 7.411012235817574512e-01 0.000000000000000000e+00
8.186255352283403681e+02 1.299550573798709934e+02 7.592880978865405028e-01 0.000000000000000000e+00
8.414357678051381981e+02 1.367408413281313528e+02 7.774749721913236655e-01 0.000000000000000000e+00
8.644066949312541510e+02 1.436621231315678813e+02 7.956618464961067172e-01 0.000000000000000000e+00
8.875374906230740635e+02 1.507158051007803010e+02 8.138487208008897689e-01 0.000000000000000000e+00
9.108277029522690782e+02 1.578988498299989942e+02 8.320355951056729316e-01 0.000000000000000000e+00
9.342764427574048796e+02 1.652082830218436129e+02 8.502224694104559832e-01 0.000000000000000000e+00
9.578831730221417047e+02 1.726411925100220230e+02 8.684093437152390349e-01 0.000000000000000000e+00
9.816469556630685247e+02 1.801947291714261041e+02 8.865962180200221976e-01 0.000000000000000000e+00
1.005567183000587306e+03 1.878661085411526130e+02 9.047830923248052493e-01 0.000000000000000000e+00
1.029642880014720276e+03 1.956526091739639526e+02 9.229699666295883009e-01 0.000000000000000000e+00
1.053873380700368443e+03 2.035515727578951157e+02 9.411568409343714636e-01 0.000000000000000000e+00
1.078257683104322496e+03 2.115604049309574464e+02 9.593437152391545153e-01 0.000000000000000000e+00
1.102795073476881498e+03 2.196765732687044874e+02 9.775305895439376780e-01 0.000000000000000000e+00
1.127484531231616302e+03 2.278976068986803512e+02 9.957174638487207297e-01 0.000000000000000000e+00
1.152325303947173779e+03 2.362210967892367819e+02 1.013904338153503781e+00 0.000000000000000000e+00
1.177316359419193759e+03 2.446446935637065394e+02 1.032091212458286833e+00 0.000000000000000000e+00
1.202456914282331809e+03 2.531661068047054073e+02 1.050278086763069885e+00 0.000000000000000000e+00
1.227745930478981109e+03 2.617831050004472218e+02 1.068464961067853158e+00 0.000000000000000000e+00
1.253182600405200446e+03 2.704935133105938689e+02 1.086651835372636210e+00 0.000000000000000000e+00
1.278765885021401800e+03 2.792952126961120598e+02 1.104838709677419262e+00 0.000000000000000000e+00
1.304494958091554736e+03 2.881861396472351089e+02 1.123025583982202313e+00 0.000000000000000000e+00
1.330368783624280695e+03 2.971642839726400211e+02 1.141212458286985365e+00 0.000000000000000000e+00
1.356386521668966679e+03 3.062276878533083959e+02 1.159399332591768417e+00 0.000000000000000000e+00
1.382547142622892807e+03 3.153744454253956633e+02 1.177586206896551690e+00 0.000000000000000000e+00
1.408849796954228850e+03 3.246027006579313365e+02 1.195773081201334742e+00 0.000000000000000000e+00
1.435293464200836979e+03 3.339106463624233925e+02 1.213959955506117794e+00 0.000000000000000000e+00
1.461877288855949473e+03 3.432965237184508851e+02 1.232146829810900845e+00 0.000000000000000000e+00
1.488600261797538224e+03 3.527586202441073056e+02 1.250333704115683897e+00 0.000000000000000000e+00
1.515461524594202956e+03 3.622952688156917134e+02 1.268520578420467171e+00 0.000000000000000000e+00
1.542460081291525967e+03 3.719048471624751073e+02 1.286707452725250223e+00 0.000000000000000000e+00
1.569595073211825138e+03 3.815857759470609381e+02 1.304894327030033274e+00 0.000000000000000000e+00
1.596865519064174350e+03 3.913365178268185787e+02 1.323081201334816326e+00 0.000000000000000000e+00
1.624270562032495945e+03 4.011555769325546521e+02 1.341268075639599378e+00 0.000000000000000000e+00
1.651809236656425355e+03 4.110414970776537871e+02 1.359454949944382429e+00 0.000000000000000000e+00
1.679480689952482862e+03 4.209928608629048199e+02 1.377641824249165703e+00 0.000000000000000000e+00
1.707283973187542188e+03 4.310082891641577021e+02 1.395828698553948755e+00 0.000000000000000000e+00
1.735218238817022893e+03 4.410864394638535373e+02 1.414015572858731806e+00 0.000000000000000000e+00
1.763282555488785420e+03 4.512260050124914414e+02 1.432202447163514858e+00 0.000000000000000000e+00
1.791476082498039204e+03 4.614257143351505306e+02 1.450389321468297910e+00 0.000000000000000000e+00
1.819797906402949138e+03 4.716843296852608205e+02 1.468576195773080961e+00 0.000000000000000000e+00
1.848247194443061062e+03 4.820006462588376621e+02 1.486763070077864235e+00 0.000000000000000000e+00
1.876823051441263488e+03 4.923734917295259947e+02 1.504949944382647287e+00 0.000000000000000000e+00
1.905524653554746465e+03 5.028017248227983487e+02 1.523136818687430338e+00 0.000000000000000000e+00
1.934351124100039669e+03 5.132842345781044742e+02 1.541323692992213390e+00 0.000000000000000000e+00
1.963301648950594654e+03 5.238199399238554861e+02 1.559510567296996442e+00 0.000000000000000000e+00
1.992375370054820451e+03 5.344077883516328029e+02 1.577697441601779493e+00 0.000000000000000000e+00
2.021571483610274072e+03 5.450467552431243803e+02 1.595884315906562767e+00 0.000000000000000000e+00
2.050889150203918234e+03 5.557358434710635038e+02 1.614071190211345819e+00 0.000000000000000000e+00
2.080327576942925589e+03 5.664740821782812645e+02 1.632258064516128870e+00 0.000000000000000000e+00
2.109885943023297386e+03 5.772605261560483996e+02 1.650444938820911922e+00 0.000000000000000000e+00
2.139563466842782873e+03 5.880942554824301851e+02 1.668631813125694974e+00 0.000000000000000000e+00
2.169359346070719766e+03 5.989743743902108690e+02 1.686818687430478025e+00 0.000000000000000000e+00
2.199272810720302459e+03 6.099000106977931637e+02 1.705005561735261299e+00 0.000000000000000000e+00
2.229303076833242358e+03 6.208703154803307598e+02 1.723192436040044351e+00 0.000000000000000000e+00
2.259449386297531873e+03 6.318844620236043284e+02 1.741379310344827402e+00 0.000000000000000000e+00
2.289710973232733522e+03 6.429416453099609043e+02 1.759566184649610454e+00 0.000000000000000000e+00
2.320087091617516762e+03 6.540410817043076577e+02 1.777753058954393506e+00 0.000000000000000000e+00
2.350576993433569442e+03 6.651820080058892017e+02 1.795939933259176557e+00 0.000000000000000000e+00
2.381179944838976553e+03 6.763636809628156925e+02 1.814126807563959831e+00 0.000000000000000000e+00
2.411895215403246766e+03 6.875853770036560491e+02 1.832313681868742883e+00 0.000000000000000000e+00
2.442722083585425480e+03 6.988463913435217592e+02 1.850500556173525935e+00 0.000000000000000000e+00
2.473659836165423712e+03 7.101460375603751345e+02 1.868687430478308986e+00 0.000000000000000000e+00
2.504707763917694137e+03 7.214836473367237204e+02 1.886874304783092038e+00 0.000000000000000000e+00
2.535865170609505640e+03 7.328585696424981961e+02 1.905061179087875312e+00 0.000000000000000000e+00
2.567131359295994571e+03 7.442701703459767941e+02 1.923248053392658363e+00 0.000000000000000000e+00
2.598505650327267176e+03 7.557178319820849310e+02 1.941434927697441415e+00 0.000000000000000000e+00
2.629987359044111599e+03 7.672009529962896295e+02 1.959621802002224467e+00 0.000000000000000000e+00
2.661575822047804195e+03 7.787189473939814661e+02 1.977808676307007518e+00 0.000000000000000000e+00
2.693270366853719224e+03 7.902712445223326085e+02 1.995995550611790570e+00 0.000000000000000000e+00
2.725070345979233934e+03 8.018572883818009132e+02 2.014182424916573844e+00 0.000000000000000000e+00
2.756975099001820581e+03 8.134765373012961618e+02 2.032369299221356673e+00 0.000000000000000000e+00
2.788983994007191995e+03 8.251284637439584912e+02 2.050556173526139503e+00 0.000000000000000000e+00
2.821096382590801113e+03 8.368125536668788982e+02 2.068743047830922777e+00 0.000000000000000000e+00
2.853311648001324102e+03 8.485283062333496673e+02 2.086929922135706050e+00 0.000000000000000000e+00
2.885629153628570293e+03 8.602752336265772328e+02 2.105116796440488880e+00 0.000000000000000000e+00
2.918048297564858331e+03 8.720528604725183186e+02 2.123303670745272154e+00 0.000000000000000000e+00
2.950568454928904430e+03 8.838607235540129068e+02 2.141490545050054983e+00 0.000000000000000000e+00
2.983189038228629670e+03 8.956983716755227078e+02 2.159677419354838257e+00 0.000000000000000000e+00
3.015909434154323662e+03 9.075653650995999442e+02 2.177864293659621531e+00 0.000000000000000000e+00
3.048729069275024813e+03 9.194612753029241503e+02 2.196051167964404360e+00 0.000000000000000000e+00
3.081647341666789544e+03 9.313856848506559345e+02 2.214238042269187634e+00 0.000000000000000000e+00
3.114663691658111020e+03 9.433381868712652931e+02 2.232424916573970464e+00 0.000000000000000000e+00
3.147777528500139852e+03 9.553183848434415495e+02 2.250611790878753737e+00 0.000000000000000000e+00
3.180988305922996005e+03 9.673258924722741767e+02 2.268798665183536567e+00 0.000000000000000000e+00
3.214295444181394487e+03 9.793603332141805140e+02 2.286985539488319841e+00 0.000000000000000000e+00
3.247698409984338468e+03 9.914213400723357381e+02 2.305172413793103114e+00 0.000000000000000000e+00
3.281196634502125562e+03 1.003508555493827430e+03 2.323359288097885944e+00 0.000000000000000000e+00
3.314789597069987849e+03 1.015621630924295118e+03 2.341546162402669218e+00 0.000000000000000000e+00
3.348476739493541572e+03 1.027760226623194967e+03 2.359733036707452047e+00 0.000000000000000000e+00
3.382257553475378245e+03 1.039924011573698181e+03 2.377919911012235321e+00 0.000000000000000000e+00
3.416131491311958598e+03 1.052112663064317303e+03 2.396106785317018595e+00 0.000000000000000000e+00
3.450098056662696763e+03 1.064325866528022743e+03 2.414293659621801424e+00 0.000000000000000000e+00
3.484156712071599941e+03 1.076563315455858628e+03 2.432480533926584698e+00 0.000000000000000000e+00
3.518306972927101924e+03 1.088824711011644240e+03 2.450667408231367528e+00 0.000000000000000000e+00
3.552548311826098598e+03 1.101109761882940802e+03 2.468854282536150802e+00 0.000000000000000000e+00
3.586880255482788925e+03 1.113418184206049318e+03 2.487041156840934075e+00 0.000000000000000000e+00
3.621302286345390712e+03 1.125749701209265140e+03 2.505228031145716905e+00 0.000000000000000000e+00
3.655813942233449779e+03 1.138104043074114998e+03 2.523414905450500179e+00 0.000000000000000000e+00
3.690414715267134852e+03 1.150480946867772900e+03 2.541601779755283008e+00 0.000000000000000000e+00
3.725104153986967958e+03 1.162880156214302360e+03 2.559788654060066282e+00 0.000000000000000000e+00
3.759881759988302747e+03 1.175301421170212279e+03 2.577975528364849112e+00 0.000000000000000000e+00
3.794747092256557153e+03 1.187744498157636599e+03 2.596162402669632385e+00 0.000000000000000000e+00
3.829699661677758286e+03 1.200209149667264683e+03 2.614349276974415659e+00 0.000000000000000000e+00
3.864739037461436510e+03 1.212695144129563460e+03 2.632536151279198489e+00 0.000000000000000000e+00
3.899864739505886064e+03 1.225202255879788481e+03 2.650723025583981762e+00 0.000000000000000000e+00
3.935076346911422661e+03 1.237730264852829578e+03 2.668909899888764592e+00 0.000000000000000000e+00
3.970373388463841366e+03 1.250278956488137510e+03 2.687096774193547866e+00 0.000000000000000000e+00
4.005755452926454382e+03 1.262848121692008135e+03 2.705283648498331139e+00 0.000000000000000000e+00
4.041222077753022404e+03 1.275437556544434983e+03 2.723470522803113969e+00 0.000000000000000000e+00
4.076772861042305522e+03 1.288047062233351426e+03 2.741657397107897243e+00 0.000000000000000000e+00
4.112407348792838093e+03 1.300676444991373046e+03 2.759844271412680072e+00 0.000000000000000000e+00
4.148125148203896970e+03 1.313325515857770142e+03 2.778031145717463346e+00 0.000000000000000000e+00
4.183925813567151636e+03 1.325994090587355686e+03 2.796218020022246176e+00 0.000000000000000000e+00
4.219808960953673704e+03 1.338681989617467934e+03 2.814404894327029449e+00 0.000000000000000000e+00
4.255774152762045560e+03 1.351389037830434745e+03 2.832591768631812723e+00 0.000000000000000000e+00
4.291821013719029906e+03 1.364115064478751037e+03 2.850778642936595553e+00 0.000000000000000000e+00
4.327949114184257269e+03 1.376859903152595507e+03 2.868965517241378826e+00 0.000000000000000000e+00
4.364158087185261138e+03 1.389623391555329817e+03 2.887152391546161656e+00 0.000000000000000000e+00
4.400447510930634962e+03 1.402405371442591786e+03 2.905339265850944930e+00 0.000000000000000000e+00
4.436817026605979663e+03 1.415205688589246165e+03 2.923526140155728203e+00 0.000000000000000000e+00
4.473266219993583945e+03 1.428024192585174433e+03 2.941713014460511033e+00 0.000000000000000000e+00
4.509794740198321961e+03 1.440860736766281434e+03 2.959899888765294307e+00 0.000000000000000000e+00
4.546402180460587260e+03 1.453715178198340709e+03 2.978086763070077136e+00 0.000000000000000000e+00
4.583088197600127387e+03 1.466587377483434466e+03 2.996273637374860410e+00 0.000000000000000000e+00
4.619852392098910968e+03 1.479477198694337176e+03 3.014460511679643684e+00 0.000000000000000000e+00
4.656694428279664862e+03 1.492384509364845371e+03 3.032647385984426514e+00 0.000000000000000000e+00
4.693613913742574368e+03 1.505309180300022263e+03 3.050834260289209787e+00 0.000000000000000000e+00
4.730610520099783571e+03 1.518251085526778979e+03 3.069021134593992617e+00 0.000000000000000000e+00
4.767683861932480795e+03 1.531210102281210538e+03 3.087208008898775891e+00 0.000000000000000000e+00
4.804833617934375980e+03 1.544186110830439247e+03 3.105394883203558720e+00 0.000000000000000000e+00
4.842059409460371171e+03 1.557178994434120568e+03 3.123581757508341994e+00 0.000000000000000000e+00
4.879360922118438793e+03 1.570188639318251035e+03 3.141768631813125268e+00 0.000000000000000000e+00
4.916737783898288399e+03 1.583214934527586593e+03 3.159955506117908097e+00 0.000000000000000000e+00
4.954189687154456806e+03 1.596257771878046242e+03 3.178142380422691371e+00 0.000000000000000000e+00
4.991716266381419700e+03 1.609317045940118533e+03 3.196329254727474201e+00 0.000000000000000000e+00
5.029317220432099930e+03 1.622392653896820548e+03 3.214516129032257474e+00 0.000000000000000000e+00
5.066992190121803105e+03 1.635484495492661154e+03 3.232703003337040748e+00 0.000000000000000000e+00
5.104740880721858957e+03 1.648592473047144267e+03 3.250889877641823578e+00 0.000000000000000000e+00
5.142562939248134171e+03 1.661716491280138825e+03 3.269076751946606851e+00 0.000000000000000000e+00
5.180458077149562087e+03 1.674856457309974758e+03 3.287263626251389681e+00 0.000000000000000000e+00
5.218425947480942341e+03 1.688012280622114986e+03 3.305450500556172955e+00 0.000000000000000000e+00
5.256466267753097782e+03 1.701183872947773580e+03 3.323637374860955784e+00 0.000000000000000000e+00
5.294578696980178393e+03 1.714371148226093055e+03 3.341824249165739058e+00 0.000000000000000000e+00
5.332762958506534233e+03 1.727574022603449521e+03 3.360011123470522332e+00 0.000000000000000000e+00
5.371018717138425018e+03 1.740792414305183229e+03 3.378197997775305161e+00 0.000000000000000000e+00
5.409345701950711373e+03 1.754026243607597053e+03 3.396384872080088435e+00 0.000000000000000000e+00
5.447743583412342559e+03 1.767275432833832610e+03 3.414571746384871265e+00 0.000000000000000000e+00
5.486212096153610219e+03 1.780539906232915655e+03 3.432758620689654538e+00 0.000000000000000000e+00
5.524750916173449696e+03 1.793819589956902064e+03 3.450945494994437812e+00 0.000000000000000000e+00
5.563359783509412409e+03 1.807114412062527890e+03 3.469132369299220642e+00 0.000000000000000000e+00
5.602038379619647458e+03 1.820424302387139505e+03 3.487319243604003915e+00 0.000000000000000000e+00
5.640786449762260418e+03 1.833749192536008877e+03 3.505506117908786745e+00 0.000000000000000000e+00
5.679603680765021636e+03 1.847089015879529370e+03 3.523692992213570019e+00 0.000000000000000000e+00
5.718489822967670079e+03 1.860443707442088680e+03 3.541879866518352848e+00 0.000000000000000000e+00
5.757444568407203406e+03 1.873813203890991190e+03 3.560066740823136122e+00 0.000000000000000000e+00
5.796467672429022969e+03 1.887197443526183406e+03 3.578253615127919396e+00 0.000000000000000000e+00
5.835558832081871515e+03 1.900596366178404878e+03 3.596440489432702226e+00 0.000000000000000000e+00
5.874717807635378449e+03 1.914009913210640434e+03 3.614627363737485499e+00 0.000000000000000000e+00
5.913944301096271374e+03 1.927438027496644963e+03 3.632814238042268329e+00 0.000000000000000000e+00
5.953238077462263391e+03 1.940880653332418433e+03 3.651001112347051603e+00 0.000000000000000000e+00
5.992598843574433886e+03 1.954337736431001758e+03 3.669187986651834876e+00 0.000000000000000000e+00
6.032026369085155238e+03 1.967809223908152035e+03 3.687374860956617706e+00 0.000000000000000000e+00
6.071520365567244880e+03 1.981295064201973673e+03 3.705561735261400980e+00 0.000000000000000000e+00
6.111080607168320057e+03 1.994795207059077711e+03 3.723748609566183809e+00 0.000000000000000000e+00
6.150706810085659527e+03 2.008309603533437212e+03 3.741935483870967083e+00 0.000000000000000000e+00
6.190398752873113153e+03 2.021838205899776995e+03 3.760122358175750357e+00 0.000000000000000000e+00
6.230156156298999122e+03 2.035380967644899783e+03 3.778309232480533186e+00 0.000000000000000000e+00
6.269978803166800390e+03 2.048937843475889622e+03 3.796496106785316460e+00 0.000000000000000000e+00
6.309866418634553156e+03 2.062508789224161774e+03 3.814682981090099290e+00 0.000000000000000000e+00
6.349818789730847129e+03 2.076093761851323961e+03 3.832869855394882563e+00 0.000000000000000000e+00
6.389835645942057454e+03 2.089692719441426561e+03 3.851056729699665393e+00 0.000000000000000000e+00
6.429916778365802202e+03 2.103305621130909003e+03 3.869243604004448667e+00 0.000000000000000000e+00
6.470061920751260914e+03 2.116932427090464444e+03 3.887430478309231940e+00 0.000000000000000000e+00
6.510270868124169283e+03 2.130573098545768062e+03 3.905617352614014770e+00 0.000000000000000000e+00
6.550543358395783798e+03 2.144227597688141941e+03 3.923804226918798044e+00 0.000000000000000000e+00
6.590879190487881715e+03 2.157895887671139462e+03 3.941991101223580873e+00 0.000000000000000000e+00
6.631278106383630984e+03 2.171577932623381457e+03 3.960177975528364147e+00 0.000000000000000000e+00
6.671739908745795219e+03 2.185273697566560713e+03 3.978364849833147421e+00 0.000000000000000000e+00
6.712264343496926813e+03 2.198983148424366391e+03 3.996551724137930250e+00 0.000000000000000000e+00
6.752851217026426639e+03 2.212706252007884359e+03 4.014738598442713524e+00 0.000000000000000000e+00
6.793500279161579783e+03 2.226442975970450334e+03 4.032925472747496798e+00 0.000000000000000000e+00
6.834211339851220146e+03 2.240193288780748844e+03 4.051112347052279183e+00 0.000000000000000000e+00
6.874984152744707899e+03 2.253957159756028886e+03 4.069299221357062457e+00 0.000000000000000000e+00
6.915818531290997271e+03 2.267734558964862572e+03 4.087486095661845731e+00 0.000000000000000000e+00
6.956714232870534943e+03 2.281525457255246238e+03 4.105672969966629005e+00 0.000000000000000000e+00
6.997671074332009994e+03 2.295329826240892089e+03 4.123859844271412278e+00 0.000000000000000000e+00
7.038688816658740507e+03 2.309147638245116923e+03 4.142046718576194664e+00 0.000000000000000000e+00
7.079767280088641201e+03 2.322978866301574271e+03 4.160233592880977938e+00 0.000000000000000000e+00
7.120906229227697622e+03 2.336823484162024215e+03 4.178420467185761211e+00 0.000000000000000000e+00
7.162105487510778403e+03 2.350681466224694304e+03 4.196607341490544485e+00 0.000000000000000000e+00
7.203364823052492284e+03 2.364552787549574077e+03 4.214794215795327759e+00 0.000000000000000000e+00
7.244684062412224193e+03 2.378437423859473256e+03 4.232981090100110144e+00 0.000000000000000000e+00
7.286062977157411297e+03 2.392335351477721360e+03 4.251167964404893418e+00 0.000000000000000000e+00
7.327501396956065037e+03 2.406246547336100321e+03 4.269354838709676692e+00 0.000000000000000000e+00
7.368999096750289027e+03 2.420170988980470611e+03 4.287541713014459965e+00 0.000000000000000000e+00
7.410555909182333380e+03 2.434108654504209881e+03 4.305728587319243239e+00 0.000000000000000000e+00
7.452171612453638772e+03 2.448059522577309963e+03 4.323915461624025625e+00 0.000000000000000000e+00
7.493846042230567036e+03 2.462023572421772769e+03 4.342102335928808898e+00 0.000000000000000000e+00
7.535578979941928083e+03 2.476000783776858952e+03 4.360289210233592172e+00 0.000000000000000000e+00
7.577370264094958657e+03 2.489991136898559944e+03 4.378476084538375446e+00 0.000000000000000000e+00
7.619219679250160880e+03 2.503994612570113986e+03 4.396662958843158719e+00 0.000000000000000000e+00
7.661127066736472443e+03 2.518011192043351002e+03 4.414849833147941105e+00 0.000000000000000000e+00
7.703092214239054556e+03 2.532040857041946765e+03 4.433036707452724379e+00 0.000000000000000000e+00
7.745114965795885837e+03 2.546083589783206662e+03 4.451223581757507652e+00 0.000000000000000000e+00
7.787195112082941705e+03 2.560139372909452504e+03 4.469410456062290926e+00 0.000000000000000000e+00
7.829332499858393021e+03 2.574208189510357442e+03 4.487597330367073312e+00 0.000000000000000000e+00
7.871526922763749099e+03 2.588290023110796938e+03 4.505784204671856585e+00 0.000000000000000000e+00
7.913778230189230271e+03 2.602384857649789865e+03 4.523971078976639859e+00 0.000000000000000000e+00
7.956086218667644971e+03 2.616492677451229156e+03 4.542157953281423133e+00 0.000000000000000000e+00
7.998450740144196061e+03 2.630613467266228781e+03 4.560344827586206407e+00 0.000000000000000000e+00
8.040871593960593600e+03 2.644747212206347740e+03 4.578531701890988792e+00 0.000000000000000000e+00
8.083348634611393209e+03 2.658893897749172083e+03 4.596718576195772066e+00 0.000000000000000000e+00
8.125881664190972515e+03 2.673053509760501584e+03 4.614905450500555339e+00 0.000000000000000000e+00
8.168470539655630091e+03 2.687226034435875135e+03 4.633092324805338613e+00 0.000000000000000000e+00
8.211115065846934158e+03 2.701411458314628362e+03 4.651279199110121887e+00 0.000000000000000000e+00
8.253815102063834274e+03 2.715609768277542116e+03 4.669466073414904272e+00 0.000000000000000000e+00
8.296570455866596603e+03 2.729820951517893718e+03 4.687652947719687546e+00 0.000000000000000000e+00
8.339380988846281980e+03 2.744044995542951710e+03 4.705839822024470820e+00 0.000000000000000000e+00
8.382246511202065449e+03 2.758281888180142232e+03 4.724026696329254094e+00 0.000000000000000000e+00
8.425166886803372108e+03 2.772531617531482425e+03 4.742213570634037367e+00 0.000000000000000000e+00
8.468141928412991547e+03 2.786794171988390644e+03 4.760400444938819753e+00 0.000000000000000000e+00
8.511171502141573001e+03 2.801069540242203857e+03 4.778587319243603027e+00 0.000000000000000000e+00
8.554255423255937785e+03 2.815357711224217383e+03 4.796774193548386300e+00 0.000000000000000000e+00
8.597393560073507615e+03 2.829658674147111924e+03 4.814961067853169574e+00 0.000000000000000000e+00
8.640585730346012497e+03 2.843972418475105314e+03 4.833147942157952848e+00 0.000000000000000000e+00
8.683831804438766994e+03 2.858298933921531898e+03 4.851334816462735233e+00 0.000000000000000000e+00
8.727131602617315366e+03 2.872638210416126185e+03 4.869521690767518507e+00 0.000000000000000000e+00
8.770484997270645181e+03 2.886990238162872629e+03 4.887708565072301781e+00 0.000000000000000000e+00
8.813891811036010040e+03 2.901355007550399932e+03 4.905895439377085054e+00 0.000000000000000000e+00
8.857351918384172677e+03 2.915732509202138317e+03 4.924082313681868328e+00 0.000000000000000000e+00
8.900865144249239165e+03 2.930122733962386519e+03 4.942269187986650714e+00 0.000000000000000000e+00
8.944431365079513853e+03 2.944525672860572740e+03 4.960456062291433987e+00 0.000000000000000000e+00
8.988050408127826813e+03 2.958941317129703293e+03 4.978642936596217261e+00 0.000000000000000000e+00
9.031722151790407224e+03 2.973369658205744599e+03 4.996829810901000535e+00 0.000000000000000000e+00
9.075446425530775741e+03 2.987810687699163736e+03 5.015016685205782920e+00 0.000000000000000000e+00
9.119223109662672869e+03 3.002264397394125353e+03 5.033203559510566194e+00 0.000000000000000000e+00
9.163052035844884813e+03 3.016730779266584250e+03 5.051390433815349468e+00 0.000000000000000000e+00
9.206933086269851628e+03 3.031209825448736865e+03 5.069577308120132741e+00 0.000000000000000000e+00
9.250866094723804054e+03 3.045701528223753940e+03 5.087764182424916015e+00 0.000000000000000000e+00
9.294850945281092208e+03 3.060205880058749699e+03 5.105951056729698401e+00 0.000000000000000000e+00
9.338887473746348405e+03 3.074722873549843825e+03 5.124137931034481674e+00 0.000000000000000000e+00
9.382975566027942477e+03 3.089252501442907942e+03 5.142324805339264948e+00 0.000000000000000000e+00
9.427115060037076546e+03 3.103794756632298231e+03 5.160511679644048222e+00 0.000000000000000000e+00
9.471305843358773927e+03 3.118349632143144845e+03 5.178698553948831496e+00 0.000000000000000000e+00
9.515547756018188011e+03 3.132917121131024032e+03 5.196885428253613881e+00 0.000000000000000000e+00
9.559840687254685690e+03 3.147497216880380620e+03 5.215072302558397155e+00 0.000000000000000000e+00
9.604184479124762220e+03 3.162089912791797360e+03 5.233259176863180429e+00 0.000000000000000000e+00
9.648579022516982150e+03 3.176695202384821187e+03 5.251446051167963702e+00 0.000000000000000000e+00
9.693024161455241483e+03 3.191313079302042297e+03 5.269632925472746976e+00 0.000000000000000000e+00
9.737519788448764302e+03 3.205943537280331384e+03 5.287819799777529362e+00 0.000000000000000000e+00
9.782065749425759350e+03 3.220586570159204257e+03 5.306006674082312635e+00 0.000000000000000000e+00
9.826661938522182027e+03 3.235242171899029927e+03 5.324193548387095909e+00 0.000000000000000000e+00
9.871308203597222018e+03 3.249910336528716471e+03 5.342380422691879183e+00 0.000000000000000000e+00
9.916004440323913514e+03 3.264591058188032093e+03 5.360567296996662456e+00 0.000000000000000000e+00
9.960750498401883306e+03 3.279284331099434439e+03 5.378754171301444842e+00 0.000000000000000000e+00
1.000554627505895405e+04 3.293990149569466212e+03 5.396941045606228116e+00 0.000000000000000000e+00
1.005039162178436527e+04 3.308708507978211856e+03 5.415127919911011389e+00 0.000000000000000000e+00
1.009528643733360695e+04 3.323439400801828924e+03 5.433314794215794663e+00 0.000000000000000000e+00
1.014023057498930757e+04 3.338182822569264317e+03 5.451501668520577937e+00 0.000000000000000000e+00
1.018522393494742755e+04 3.352938767886138066e+03 5.469688542825360322e+00 0.000000000000000000e+00
1.023026637221539022e+04 3.367707231440666419e+03 5.487875417130143596e+00 0.000000000000000000e+00
1.027535778848990049e+04 3.382488207960121599e+03 5.506062291434926870e+00 0.000000000000000000e+00
1.032049804052875152e+04 3.397281692245224804e+03 5.524249165739710143e+00 0.000000000000000000e+00
1.036568703142266531e+04 3.412087679162146742e+03 5.542436040044492529e+00 0.000000000000000000e+00
1.041092461953388010e+04 3.426906163612726232e+03 5.560622914349275803e+00 0.000000000000000000e+00
1.045621070939376659e+04 3.441737140559944692e+03 5.578809788654059076e+00 0.000000000000000000e+00
1.050154516108591270e+04 3.456580605025927071e+03 5.596996662958842350e+00 0.000000000000000000e+00
1.054692788047269096e+04 3.471436552059249152e+03 5.615183537263625624e+00 0.000000000000000000e+00
1.059235872917360211e+04 3.486304976762288334e+03 5.633370411568408009e+00 0.000000000000000000e+00
1.063783761444649826e+04 3.501185874282876739e+03 5.651557285873191283e+00 0.000000000000000000e+00
1.068336439950695603e+04 3.516079239795326885e+03 5.669744160177974557e+00 0.000000000000000000e+00
1.072893899293405411e+04 3.530985068514808518e+03 5.687931034482757831e+00 0.000000000000000000e+00
1.077456125947685541e+04 3.545903355695190839e+03 5.706117908787541104e+00 0.000000000000000000e+00
1.082023110901329164e+04 3.560834096612167741e+03 5.724304783092323490e+00 0.000000000000000000e+00
1.086594840787158500e+04 3.575777286568436921e+03 5.742491657397106763e+00 0.000000000000000000e+00
1.091171306714775528e+04 3.590732920906564686e+03 5.760678531701890037e+00 0.000000000000000000e+00
1.095752495465254287e+04 3.605700994980194537e+03 5.778865406006673311e+00 0.000000000000000000e+00
1.100338398272732047e+04 3.620681504166522245e+03 5.797052280311456585e+00 0.000000000000000000e+00
1.104929002066128487e+04 3.635674443866650108e+03 5.815239154616238970e+00 0.000000000000000000e+00
1.109524298205976993e+04 3.650679809496908092e+03 5.833426028921022244e+00 0.000000000000000000e+00
1.114124273764552709e+04 3.665697596484863425e+03 5.851612903225805518e+00 0.000000000000000000e+00
1.118728920216402912e+04 3.680727800284911154e+03 5.869799777530588791e+00 0.000000000000000000e+00
1.123338224781385179e+04 3.695770416346787897e+03 5.887986651835372065e+00 0.000000000000000000e+00
1.127952179049199185e+04 3.710825440136476118e+03 5.906173526140154451e+00 0.000000000000000000e+00
1.132570770379805253e+04 3.725892867136767563e+03 5.924360400444937724e+00 0.000000000000000000e+00
1.137193990476274485e+04 3.740972692822201225e+03 5.942547274749720998e+00 0.000000000000000000e+00
1.141821826842425253e+04 3.756064912678737983e+03 5.960734149054504272e+00 0.000000000000000000e+00
1.146454271286025869e+04 3.771169522200993924e+03 5.978921023359287545e+00 0.000000000000000000e+00
1.151091311444588064e+04 3.786286516876341921e+03 5.997107897664069931e+00 0.000000000000000000e+00
1.155732939242057546e+04 3.801415892190157592e+03 6.015294771968853205e+00 0.000000000000000000e+00
1.160379142448616039e+04 3.816557643637408091e+03 6.033481646273636478e+00 0.000000000000000000e+00
1.165029913092966672e+04 3.831711766700859243e+03 6.051668520578419752e+00 0.000000000000000000e+00
1.169685239082732187e+04 3.846878256858768509e+03 6.069855394883202138e+00 0.000000000000000000e+00
1.174345112544700896e+04 3.862057109587831292e+03 6.088042269187985411e+00 0.000000000000000000e+00
1.179009521515963206e+04 3.877248320354605767e+03 6.106229143492768685e+00 0.000000000000000000e+00
1.183678458229750140e+04 3.892451884615491963e+03 6.124416017797551959e+00 0.000000000000000000e+00
1.188351910844972554e+04 3.907667797820227861e+03 6.142602892102335232e+00 0.000000000000000000e+00
1.193029871703275057e+04 3.922896055403495211e+03 6.160789766407117618e+00 0.000000000000000000e+00
1.197712329089757077e+04 3.938136652786190552e+03 6.178976640711900892e+00 0.000000000000000000e+00
1.202399275438109726e+04 3.953389585388908017e+03 6.197163515016684165e+00 0.000000000000000000e+00
1.207090699157690869e+04 3.968654848598065655e+03 6.215350389321467439e+00 0.000000000000000000e+00
1.211786592781504805e+04 3.983932437790992935e+03 6.233537263626250713e+00 0.000000000000000000e+00
1.216486944840116121e+04 3.999222348335937113e+03 6.251724137931033098e+00 0.000000000000000000e+00
1.221191747956738982e+04 4.014524575573999755e+03 6.269911012235816372e+00 0.000000000000000000e+00
1.225900990792451194e+04 4.029839114828130278e+03 6.288097886540599646e+00 0.000000000000000000e+00
1.230614666054974623e+04 4.045165961408163184e+03 6.306284760845382920e+00 0.000000000000000000e+00
1.235332762521248333e+04 4.060505110592734582e+03 6.324471635150166193e+00 0.000000000000000000e+00
1.240055272995306404e+04 4.075856557638417144e+03 6.342658509454948579e+00 0.000000000000000000e+00
1.244782186368554540e+04 4.091220297793484406e+03 6.360845383759731853e+00 0.000000000000000000e+00
1.249513495534226058e+04 4.106596326265045718e+03 6.379032258064515126e+00 0.000000000000000000e+00
1.254249189502141235e+04 4.121984638241804532e+03 6.397219132369298400e+00 0.000000000000000000e+00
1.258989261243130932e+04 4.137385228894123429e+03 6.415406006674081674e+00 0.000000000000000000e+00
1.263733699880442327e+04 4.152798093354019329e+03 6.433592880978864059e+00 0.000000000000000000e+00
1.268482498479572496e+04 4.168223226727458496e+03 6.451779755283647333e+00 0.000000000000000000e+00
1.273235646272077429e+04 4.183660624108240881e+03 6.469966629588430607e+00 0.000000000000000000e+00
1.277993136402129858e+04 4.199110280539332962e+03 6.488153503893213880e+00 0.000000000000000000e+00
1.282754958209921824e+04 4.214572191050217953e+03 6.506340378197997154e+00 0.000000000000000000e+00
1.287521104930662113e+04 4.230046350632329450e+03 6.524527252502779540e+00 0.000000000000000000e+00
1.292291566009342750e+04 4.245532754253017629e+03 6.542714126807562813e+00 0.000000000000000000e+00
1.297066334758014455e+04 4.261031396836888234e+03 6.560901001112346087e+00 0.000000000000000000e+00
1.301845400724694264e+04 4.276542273292675418e+03 6.579087875417129361e+00 0.000000000000000000e+00
1.306628757304794090e+04 4.292065378485107431e+03 6.597274749721911746e+00 0.000000000000000000e+00
1.311416394153059264e+04 4.307600707242162571e+03 6.615461624026695020e+00 0.000000000000000000e+00
1.316208304740740277e+04 4.323148254372640622e+03 6.633648498331478294e+00 0.000000000000000000e+00
1.321004478822939200e+04 4.338708014642059425e+03 6.651835372636261567e+00 0.000000000000000000e+00
1.325804909949447028e+04 4.354279982777073201e+03 6.670022246941044841e+00 0.000000000000000000e+00
1.330609587973905946e+04 4.369864153483286827e+03 6.688209121245827227e+00 0.000000000000000000e+00
1.335418506525043267e+04 4.385460521411509035e+03 6.706395995550610500e+00 0.000000000000000000e+00
1.340231655556408987e+04 4.401069081190290490e+03 6.724582869855393774e+00 0.000000000000000000e+00
1.345049028766556330e+04 4.416689827414874344e+03 6.742769744160177048e+00 0.000000000000000000e+00
1.349870616202426208e+04 4.432322754626420647e+03 6.760956618464960322e+00 0.000000000000000000e+00
1.354696411643328975e+04 4.447967857335691406e+03 6.779143492769742707e+00 0.000000000000000000e+00
1.359526405229947159e+04 4.463625130034772155e+03 6.797330367074525981e+00 0.000000000000000000e+00
1.364360590809658061e+04 4.479294567147911948e+03 6.815517241379309255e+00 0.000000000000000000e+00
1.369198958619694531e+04 4.494976163077343699e+03 6.833704115684092528e+00 0.000000000000000000e+00
1.374041502578620748e+04 4.510669912185968315e+03 6.851890989988875802e+00 0.000000000000000000e+00
1.378888213019097020e+04 4.526375808795494777e+03 6.870077864293658187e+00 0.000000000000000000e+00
1.383739083923948419e+04 4.542093847179282420e+03 6.888264738598441461e+00 0.000000000000000000e+00
1.388594105714792931e+04 4.557824021591874043e+03 6.906451612903224735e+00 0.000000000000000000e+00
1.393453272448415737e+04 4.573566326225474768e+03 6.924638487208008009e+00 0.000000000000000000e+00
1.398316574633613345e+04 4.589320755241322331e+03 6.942825361512791282e+00 0.000000000000000000e+00
1.403184006392233277e+04 4.605087302765132335e+03 6.961012235817573668e+00 0.000000000000000000e+00
1.408055558323849073e+04 4.620865962875704099e+03 6.979199110122356942e+00 0.000000000000000000e+00
1.412931224617587759e+04 4.636656729602296764e+03 6.997385984427140215e+00 0.000000000000000000e+00
1.417810995958620515e+04 4.652459596958377006e+03 7.015572858731923489e+00 0.000000000000000000e+00
1.422694866602695765e+04 4.668274558886860177e+03 7.033759733036705875e+00 0.000000000000000000e+00
1.427582827315863869e+04 4.684101609310521781e+03 7.051946607341489148e+00 0.000000000000000000e+00
1.432474872414150923e+04 4.699940742095011046e+03 7.070133481646272422e+00 0.000000000000000000e+00
1.437370992757321983e+04 4.715791951071255426e+03 7.088320355951055696e+00 0.000000000000000000e+00
1.442271182724782739e+04 4.731655230026025492e+03 7.106507230255838969e+00 0.000000000000000000e+00
1.447175433251387403e+04 4.747530572710966226e+03 7.124694104560621355e+00 0.000000000000000000e+00
1.452083738778178849e+04 4.763417972820821888e+03 7.142880978865404629e+00 0.000000000000000000e+00
1.456996090328079117e+04 4.779317424023652165e+03 7.161067853170187902e+00 0.000000000000000000e+00
1.461912482397224449e+04 4.795228919927075367e+03 7.179254727474971176e+00 0.000000000000000000e+00
1.466832906086012008e+04 4.811152454117116577e+03 7.197441601779754450e+00 0.000000000000000000e+00
1.471757355961000576e+04 4.827088020113099446e+03 7.215628476084536835e+00 0.000000000000000000e+00
1.476685823197876925e+04 4.843035611417518339e+03 7.233815350389320109e+00 0.000000000000000000e+00
1.481618302417005725e+04 4.858995221464682800e+03 7.252002224694103383e+00 0.000000000000000000e+00
1.486554784872929304e+04 4.874966843653223805e+03 7.270189098998886656e+00 0.000000000000000000e+00
1.491495265246245435e+04 4.890950471356983144e+03 7.288375973303669930e+00 0.000000000000000000e+00
1.496439734870320535e+04 4.906946097876656495e+03 7.306562847608452316e+00 0.000000000000000000e+00
1.501388188476376672e+04 4.922953716487813836e+03 7.324749721913235589e+00 0.000000000000000000e+00
1.506340617475363615e+04 4.938973320427258841e+03 7.342936596218018863e+00 0.000000000000000000e+00
1.511297016654059735e+04 4.955004902867165583e+03 7.361123470522802137e+00 0.000000000000000000e+00
1.516257377501604424e+04 4.971048456958775205e+03 7.379310344827585411e+00 0.000000000000000000e+00
1.521221694854905945e+04 4.987103975799098407e+03 7.397497219132367796e+00 0.000000000000000000e+00
1.526189960282599714e+04 5.003171452435215542e+03 7.415684093437151070e+00 0.000000000000000000e+00
1.531162168671395193e+04 5.019250879882114532e+03 7.433870967741934344e+00 0.000000000000000000e+00
1.536138311664056528e+04 5.035342251108128949e+03 7.452057842046717617e+00 0.000000000000000000e+00
1.541118384197815067e+04 5.051445559037321800e+03 7.470244716351500891e+00 0.000000000000000000e+00
1.546102377989295746e+04 5.067560796548763392e+03 7.488431590656283277e+00 0.000000000000000000e+00
1.551090288024816618e+04 5.083687956480148387e+03 7.506618464961066550e+00 0.000000000000000000e+00
1.556082106088293767e+04 5.099827031623491166e+03 7.524805339265849824e+00 0.000000000000000000e+00
1.561077827226569207e+04 5.115978014734391763e+03 7.542992213570633098e+00 0.000000000000000000e+00
1.566077443289445364e+04 5.132140898511217529e+03 7.561179087875415483e+00 0.000000000000000000e+00
1.571080949370718008e+04 5.148315675618793648e+03 7.579365962180198757e+00 0.000000000000000000e+00
1.576088337393964866e+04 5.164502338684674214e+03 7.597552836484982031e+00 0.000000000000000000e+00
1.581099602497125670e+04 5.180700880281546233e+03 7.615739710789765304e+00 0.000000000000000000e+00
1.586114736673355037e+04 5.196911292941342253e+03 7.633926585094548578e+00 0.000000000000000000e+00
1.591133735110488124e+04 5.213133569154686484e+03 7.652113459399330964e+00 0.000000000000000000e+00
1.596156589868384981e+04 5.229367701371392286e+03 7.670300333704114237e+00 0.000000000000000000e+00
1.601183296183449056e+04 5.245613682002002861e+03 7.688487208008897511e+00 0.000000000000000000e+00
1.606213846175310937e+04 5.261871503399687754e+03 7.706674082313680785e+00 0.000000000000000000e+00
1.611248235133942580e+04 5.278141157888076123e+03 7.724860956618464058e+00 0.000000000000000000e+00
1.616286455241254953e+04 5.294422637739384299e+03 7.743047830923246444e+00 0.000000000000000000e+00
1.621328501836420946e+04 5.310715935198246370e+03 7.761234705228029718e+00 0.000000000000000000e+00
1.626374367157487904e+04 5.327021042446172942e+03 7.779421579532812991e+00 0.000000000000000000e+00
1.631424046592731975e+04 5.343337951639229686e+03 7.797608453837596265e+00 0.000000000000000000e+00
1.636477532447077101e+04 5.359666654881983959e+03 7.815795328142379539e+00 0.000000000000000000e+00
1.641534820154625777e+04 5.376007144245490963e+03 7.833982202447161924e+00 0.000000000000000000e+00
1.646595902080840096e+04 5.392359411743878809e+03 7.852169076751945198e+00 0.000000000000000000e+00
1.651660773700138452e+04 5.408723449363891632e+03 7.870355951056728472e+00 0.000000000000000000e+00
1.656729427441412554e+04 5.425099249047788362e+03 7.888542825361511746e+00 0.000000000000000000e+00
1.661801858823154180e+04 5.441486802692365018e+03 7.906729699666295019e+00 0.000000000000000000e+00
1.666878060332503810e+04 5.457886102157972346e+03 7.924916573971077405e+00 0.000000000000000000e+00
1.671958027531442349e+04 5.474297139252850684e+03 7.943103448275860679e+00 0.000000000000000000e+00
1.677041752971890674e+04 5.490719905757488959e+03 7.961290322580643952e+00 0.000000000000000000e+00
1.682129232253702867e+04 5.507154393401829111e+03 7.979477196885427226e+00 0.000000000000000000e+00
1.687220457986628026e+04 5.523600593885936178e+03 7.997664071190210500e+00 0.000000000000000000e+00
1.692315425809869339e+04 5.540058498852893536e+03 8.015850945494992885e+00 0.000000000000000000e+00
1.697414128395398075e+04 5.556528099917719373e+03 8.034037819799776159e+00 0.000000000000000000e+00
1.702516561423298481e+04 5.573009388652959387e+03 8.052224694104559433e+00 0.000000000000000000e+00
1.707622717619874311e+04 5.589502356593307923e+03 8.070411568409342706e+00 0.000000000000000000e+00
1.712732592708775701e+04 5.606006995222504884e+03 8.088598442714125980e+00 0.000000000000000000e+00
1.717846179476289035e+04 5.622523295997641071e+03 8.106785317018909254e+00 0.000000000000000000e+00
1.722963473680063180e+04 5.639051250325395813e+03 8.124972191323692527e+00 0.000000000000000000e+00
1.728084468152702539e+04 5.655590849580542454e+03 8.143159065628475801e+00 0.000000000000000000e+00
1.733209158703590583e+04 5.672142085096370465e+03 8.161345939933259075e+00 0.000000000000000000e+00
1.738337538219083217e+04 5.688704948167324801e+03 8.179532814238042349e+00 0.000000000000000000e+00
1.743469602547643080e+04 5.705279430035338009e+03 8.197719688542825622e+00 0.000000000000000000e+00
1.748605344628482271e+04 5.721865521935971628e+03 8.215906562847608896e+00 0.000000000000000000e+00
1.753744760344718816e+04 5.738463215030424180e+03 8.234093437152390393e+00 0.000000000000000000e+00
1.758887842692918639e+04 5.755072500463998040e+03 8.252280311457173667e+00 0.000000000000000000e+00
1.764034587593678953e+04 5.771693369333740520e+03 8.270467185761956941e+00 0.000000000000000000e+00
1.769184988089072067e+04 5.788325812705741555e+03 8.288654060066740215e+00 0.000000000000000000e+00
1.774339040141494115e+04 5.804969821598001545e+03 8.306840934371523488e+00 0.000000000000000000e+00
1.779496736846062777e+04 5.821625387003581636e+03 8.325027808676306762e+00 0.000000000000000000e+00
1.784658074204837249e+04 5.838292499868028244e+03 8.343214682981090036e+00 0.000000000000000000e+00
1.789823045360074684e+04 5.854971151095242931e+03 8.361401557285873309e+00 0.000000000000000000e+00
1.794991646350267547e+04 5.871661331571577648e+03 8.379588431590656583e+00 0.000000000000000000e+00
1.800163870364156173e+04 5.888363032130608190e+03 8.397775305895438080e+00 0.000000000000000000e+00
1.805339713479474449e+04 5.905076243569829785e+03 8.415962180200221354e+00 0.000000000000000000e+00
1.810519168936163260e+04 5.921800956656078597e+03 8.434149054505004628e+00 0.000000000000000000e+00
1.815702232842229569e+04 5.938537162109933888e+03 8.452335928809787902e+00 0.000000000000000000e+00
1.820888898491267173e+04 5.955284850633469432e+03 8.470522803114571175e+00 0.000000000000000000e+00
1.826079162023734534e+04 5.972044012876999659e+03 8.488709677419354449e+00 0.000000000000000000e+00
1.831273016782403283e+04 5.988814639458650163e+03 8.506896551724137723e+00 0.000000000000000000e+00
1.836470458944625716e+04 6.005596720965274471e+03 8.525083426028920996e+00 0.000000000000000000e+00
1.841671481892931479e+04 6.022390247945783813e+03 8.543270300333704270e+00 0.000000000000000000e+00
1.846876081841644191e+04 6.039195210905231761e+03 8.561457174638487544e+00 0.000000000000000000e+00
1.852084252224213924e+04 6.056011600338199059e+03 8.579644048943269041e+00 0.000000000000000000e+00
1.857295989290134821e+04 6.072839406673624580e+03 8.597830923248052315e+00 0.000000000000000000e+00
1.862511286511261278e+04 6.089678620333347681e+03 8.616017797552835589e+00 0.000000000000000000e+00
1.867730140168376602e+04 6.106529231684808110e+03 8.634204671857618862e+00 0.000000000000000000e+00
1.872952543787604736e+04 6.123391231072405390e+03 8.652391546162402136e+00 0.000000000000000000e+00
1.878178493681255350e+04 6.140264608797152505e+03 8.670578420467185410e+00 0.000000000000000000e+00
1.883407983414750561e+04 6.157149355143422326e+03 8.688765294771968684e+00 0.000000000000000000e+00
1.888641009336641946e+04 6.174045460341189028e+03 8.706952169076751957e+00 0.000000000000000000e+00
1.893877565053697617e+04 6.190952914601451994e+03 8.725139043381535231e+00 0.000000000000000000e+00
1.899117646945702290e+04 6.207871708099578427e+03 8.743325917686318505e+00 0.000000000000000000e+00
1.904361248667646578e+04 6.224801830975609846e+03 8.761512791991100002e+00 0.000000000000000000e+00
1.909608366630091405e+04 6.241743273335791855e+03 8.779699666295883276e+00 0.000000000000000000e+00
1.914858994525468734e+04 6.258696025255036147e+03 8.797886540600666549e+00 0.000000000000000000e+00
1.920113128799569677e+04 6.275660076784160992e+03 8.816073414905449823e+00 0.000000000000000000e+00
1.925370763188666751e+04 6.292635417929212053e+03 8.834260289210233097e+00 0.000000000000000000e+00
1.930631894166972052e+04 6.309622038668749155e+03 8.852447163515016371e+00 0.000000000000000000e+00
1.935896515513143459e+04 6.326619928953895396e+03 8.870634037819799644e+00 0.000000000000000000e+00
1.941164623732706241e+04 6.343629078708064299e+03 8.888820912124582918e+00 0.000000000000000000e+00
1.946436212643285398e+04 6.360649477804972776e+03 8.907007786429366192e+00 0.000000000000000000e+00
1.951711278782114096e+04 6.377681116110654330e+03 8.925194660734147689e+00 0.000000000000000000e+00
1.956989816005330067e+04 6.394723983446653619e+03 8.943381535038930963e+00 0.000000000000000000e+00
1.962271820877863502e+04 6.411778069599218725e+03 8.961568409343714237e+00 0.000000000000000000e+00
1.967557287302146142e+04 6.428843364347122588e+03 8.979755283648497510e+00 0.000000000000000000e+00
1.972846211871209016e+04 6.445919857412866804e+03 8.997942157953280784e+00 0.000000000000000000e+00
1.978138588525175146e+04 6.463007538502053649e+03 9.016129032258064058e+00 0.000000000000000000e+00
1.983434413883153320e+04 6.480106397296051000e+03 9.034315906562847331e+00 0.000000000000000000e+00
1.988733681933411572e+04 6.497216423431200383e+03 9.052502780867630605e+00 0.000000000000000000e+00
1.994036389313024847e+04 6.514337606529936238e+03 9.070689655172413879e+00 0.000000000000000000e+00
1.999342530053362862e+04 6.531469936175940347e+03 9.088876529477197153e+00 0.000000000000000000e+00
2.004652100820756823e+04 6.548613401930386317e+03 9.107063403781978650e+00 0.000000000000000000e+00
2.009965095681587627e+04 6.565767993321352151e+03 9.125250278086761924e+00 0.000000000000000000e+00
2.015281511334179231e+04 6.582933699854219412e+03 9.143437152391545197e+00 0.000000000000000000e+00
2.020601341879231768e+04 6.600110510997684287e+03 9.161624026696328471e+00 0.000000000000000000e+00
2.025924584039438196e+04 6.617298416200651445e+03 9.179810901001111745e+00 0.000000000000000000e+00
2.031251231960215591e+04 6.634497404876583460e+03 9.197997775305895019e+00 0.000000000000000000e+00
2.036581282389866101e+04 6.651707466426083556e+03 9.216184649610678292e+00 0.000000000000000000e+00
2.041914729509159588e+04 6.668928590202730447e+03 9.234371523915461566e+00 0.000000000000000000e+00
2.047251570090490350e+04 6.686160765546767834e+03 9.252558398220244840e+00 0.000000000000000000e+00
2.052591798350806130e+04 6.703403981770004066e+03 9.270745272525028113e+00 0.000000000000000000e+00
2.057935411092154754e+04 6.720658228157765734e+03 9.288932146829809611e+00 0.000000000000000000e+00
2.063282402566597011e+04 6.737923493960279302e+03 9.307119021134592884e+00 0.000000000000000000e+00
2.068632769601195832e+04 6.755199768413423044e+03 9.325305895439376158e+00 0.000000000000000000e+00
2.073986506489426029e+04 6.772487040721178346e+03 9.343492769744159432e+00 0.000000000000000000e+00
2.079343610073686068e+04 6.789785300062952956e+03 9.361679644048942706e+00 0.000000000000000000e+00
2.084704074684592342e+04 6.807094535591878412e+03 9.379866518353725979e+00 0.000000000000000000e+00
2.090067897194451143e+04 6.824414736436127896e+03 9.398053392658509253e+00 0.000000000000000000e+00
2.095435071968596822e+04 6.841745891705524627e+03 9.416240266963292527e+00 0.000000000000000000e+00
2.100805595899821492e+04 6.859087990469371107e+03 9.434427141268075800e+00 0.000000000000000000e+00
2.106179463388133809e+04 6.876441021787314639e+03 9.452614015572857298e+00 0.000000000000000000e+00
2.111556671355637081e+04 6.893804974688100629e+03 9.470800889877640572e+00 0.000000000000000000e+00
2.116937214233558188e+04 6.911179838177255078e+03 9.488987764182423845e+00 0.000000000000000000e+00
2.122321088966649040e+04 6.928565601235795839e+03 9.507174638487207119e+00 0.000000000000000000e+00
2.127708290022863002e+04 6.945962252824928328e+03 9.525361512791990393e+00 0.000000000000000000e+00
2.133098814368094827e+04 6.963369781877561763e+03 9.543548387096773666e+00 0.000000000000000000e+00
2.138492656506087224e+04 6.980788177300427378e+03 9.561735261401556940e+00 0.000000000000000000e+00
2.143889813425416651e+04 6.998217427986828625e+03 9.579922135706340214e+00 0.000000000000000000e+00
2.149290279661188470e+04 7.015657522799726394e+03 9.598109010011123488e+00 0.000000000000000000e+00
2.154694052222904793e+04 7.033108450578884003e+03 9.616295884315906761e+00 0.000000000000000000e+00
2.160101125684153158e+04 7.050570200149988523e+03 9.634482758620688259e+00 0.000000000000000000e+00
2.165511497074017461e+04 7.068042760301260387e+03 9.652669632925471532e+00 0.000000000000000000e+00
2.170925161001610104e+04 7.085526119814150661e+03 9.670856507230254806e+00 0.000000000000000000e+00
2.176342114517235314e+04 7.103020267443107514e+03 9.689043381535038080e+00 0.000000000000000000e+00
2.181762352256959275e+04 7.120525191921889018e+03 9.707230255839821353e+00 0.000000000000000000e+00
2.187185871296457844e+04 7.138040881950847506e+03 9.725417130144604627e+00 0.000000000000000000e+00
2.192612666306946630e+04 7.155567326223277632e+03 9.743604004449387901e+00 0.000000000000000000e+00
2.198042734377970919e+04 7.173104513408362436e+03 9.761790878754171175e+00 0.000000000000000000e+00
2.203476070214982610e+04 7.190652432152744950e+03 9.779977753058954448e+00 0.000000000000000000e+00
2.208912670934008565e+04 7.208211071084660944e+03 9.798164627363737722e+00 0.000000000000000000e+00
2.214352531269168321e+04 7.225780418810069023e+03 9.816351501668519219e+00 0.000000000000000000e+00
2.219795648356009769e+04 7.243360463910355975e+03 9.834538375973302493e+00 0.000000000000000000e+00
2.225242016962144407e+04 7.260951194948237571e+03 9.852725250278085767e+00 0.000000000000000000e+00
2.230691634238334518e+04 7.278552600481027184e+03 9.870912124582869041e+00 0.000000000000000000e+00
2.236144494984752600e+04 7.296164669020748988e+03 9.889098998887652314e+00 0.000000000000000000e+00
2.241600596377517286e+04 7.313787389085798168e+03 9.907285873192435588e+00 0.000000000000000000e+00
2.247059933243098203e+04 7.331420749152833196e+03 9.925472747497218862e+00 0.000000000000000000e+00
2.252522502781438016e+04 7.349064737696360680e+03 9.943659621802002135e+00 0.000000000000000000e+00
2.257988299845202710e+04 7.366719343161964389e+03 9.961846496106785409e+00 0.000000000000000000e+00
2.263457321650350059e+04 7.384384553984396007e+03 9.980033370411566906e+00 0.000000000000000000e+00
2.268929563085613336e+04 7.402060358574757629e+03 9.998220244716350180e+00 0.000000000000000000e+00
2.274405021384950305e+04 7.419746745319853289e+03 1.001640711902113345e+01 0.000000000000000000e+00
2.279883691469858240e+04 7.437443702601259247e+03 1.003459399332591673e+01 0.000000000000000000e+00
2.285365570590424613e+04 7.455151218777412396e+03 1.005278086763070000e+01 0.000000000000000000e+00
2.290850653692045307e+04 7.472869282184410622e+03 1.007096774193548328e+01 0.000000000000000000e+00
2.296338938048005366e+04 7.490597881148575652e+03 1.008915461624026655e+01 0.000000000000000000e+00
2.301830418635329625e+04 7.508337003967797500e+03 1.010734149054504982e+01 0.000000000000000000e+00
2.307325092742220659e+04 7.526086638935418705e+03 1.012552836484983310e+01 0.000000000000000000e+00
2.312822955376944083e+04 7.543846774321248631e+03 1.014371523915461637e+01 0.000000000000000000e+00
2.318324003846168853e+04 7.561617398380252780e+03 1.016190211345939787e+01 0.000000000000000000e+00
2.323828233182097392e+04 7.579398499343216827e+03 1.018008898776418114e+01 0.000000000000000000e+00
2.329335640713777684e+04 7.597190065442892774e+03 1.019827586206896441e+01 0.000000000000000000e+00
2.334846221507097289e+04 7.614992084875489127e+03 1.021646273637374769e+01 0.000000000000000000e+00
2.340359972901123547e+04 7.632804545828887058e+03 1.023464961067853096e+01 0.000000000000000000e+00
2.345876889986960305e+04 7.650627436482437588e+03 1.025283648498331424e+01 0.000000000000000000e+00
2.351396970125196458e+04 7.668460744986387908e+03 1.027102335928809751e+01 0.000000000000000000e+00
2.356920208433997323e+04 7.686304459486784253e+03 1.028921023359288078e+01 0.000000000000000000e+00
2.362446602294485638e+04 7.704158568106904568e+03 1.030739710789766406e+01 0.000000000000000000e+00
2.367976146855507250e+04 7.722023058957238391e+03 1.032558398220244733e+01 0.000000000000000000e+00
2.373508839504315256e+04 7.739897920140952920e+03 1.034377085650722883e+01 0.000000000000000000e+00
2.379044675418483894e+04 7.757783139729252980e+03 1.036195773081201210e+01 0.000000000000000000e+00
2.384583652009343496e+04 7.775678705796301983e+03 1.038014460511679538e+01 0.000000000000000000e+00
2.390125764472415176e+04 7.793584606393700597e+03 1.039833147942157865e+01 0.000000000000000000e+00
2.395671010244384888e+04 7.811500829558262012e+03 1.041651835372636192e+01 0.000000000000000000e+00
2.401219384549844108e+04 7.829427363313664500e+03 1.043470522803114520e+01 0.000000000000000000e+00
2.406770884834449316e+04 7.847364195669531910e+03 1.045289210233592847e+01 0.000000000000000000e+00
2.412325506347986448e+04 7.865311314623570070e+03 1.047107897664071174e+01 0.000000000000000000e+00
2.417883246554759535e+04 7.883268708156505454e+03 1.048926585094549502e+01 0.000000000000000000e+00
2.423444100729972706e+04 7.901236364241315641e+03 1.050745272525027652e+01 0.000000000000000000e+00
2.429008066355994015e+04 7.919214270835395837e+03 1.052563959955505979e+01 0.000000000000000000e+00
2.434575138733187850e+04 7.937202415872238817e+03 1.054382647385984306e+01 0.000000000000000000e+00
2.440145315357659274e+04 7.955200787293533722e+03 1.056201334816462634e+01 0.000000000000000000e+00
2.445718591561535140e+04 7.973209373014884477e+03 1.058020022246940961e+01 0.000000000000000000e+00
2.451294964852868725e+04 7.991228160935133019e+03 1.059838709677419288e+01 0.000000000000000000e+00
2.456874430587354436e+04 8.009257138956211747e+03 1.061657397107897616e+01 0.000000000000000000e+00
2.462456986287369728e+04 8.027296294947780552e+03 1.063476084538375943e+01 0.000000000000000000e+00
2.468042627331542099e+04 8.045345616787726613e+03 1.065294771968854270e+01 0.000000000000000000e+00
2.473631351269746301e+04 8.063405092332106506e+03 1.067113459399332598e+01 0.000000000000000000e+00
2.479223153498389729e+04 8.081474709419306237e+03 1.068932146829810748e+01 0.000000000000000000e+00
2.484818031577294096e+04 8.099554455890036479e+03 1.070750834260289075e+01 0.000000000000000000e+00
2.490415980932053935e+04 8.117644319564399666e+03 1.072569521690767402e+01 0.000000000000000000e+00
2.496016999136906452e+04 8.135744288248611156e+03 1.074388209121245730e+01 0.000000000000000000e+00
2.501621081644737205e+04 8.153854349748091408e+03 1.076206896551724057e+01 0.000000000000000000e+00
2.507228226040274603e+04 8.171974491853068685e+03 1.078025583982202384e+01 0.000000000000000000e+00
2.512838427802205479e+04 8.190104702338474453e+03 1.079844271412680712e+01 0.000000000000000000e+00
2.518451684531896535e+04 8.208244968970262562e+03 1.081662958843159039e+01 0.000000000000000000e+00
2.524067991725823958e+04 8.226395279509104512e+03 1.083481646273637367e+01 0.000000000000000000e+00
2.529687347001224771e+04 8.244555621703519137e+03 1.085300333704115694e+01 0.000000000000000000e+00
2.535309745887292229e+04 8.262725983284459289e+03 1.087119021134593844e+01 0.000000000000000000e+00
2.540935186013965722e+04 8.280906351981822809e+03 1.088937708565072171e+01 0.000000000000000000e+00
2.546563662919261333e+04 8.299096715517851408e+03 1.090756395995550498e+01 0.000000000000000000e+00
2.552195174257068356e+04 8.317297061596620551e+03 1.092575083426028826e+01 0.000000000000000000e+00
2.557829715591576314e+04 8.335507377911071671e+03 1.094393770856507153e+01 0.000000000000000000e+00
2.563467284585523885e+04 8.353727652156845579e+03 1.096212458286985481e+01 0.000000000000000000e+00
2.569107876825335916e+04 8.371957872011727886e+03 1.098031145717463808e+01 0.000000000000000000e+00
2.574751489985272929e+04 8.390198025146102736e+03 1.099849833147942135e+01 0.000000000000000000e+00
2.580398119684407720e+04 8.408448099218046991e+03 1.101668520578420463e+01 0.000000000000000000e+00
2.586047763613002826e+04 8.426708081888673405e+03 1.103487208008898612e+01 0.000000000000000000e+00
2.591700417399045182e+04 8.444977960794141836e+03 1.105305895439376940e+01 0.000000000000000000e+00
2.597356078750002780e+04 8.463257723576844000e+03 1.107124582869855267e+01 0.000000000000000000e+00
2.603014743319055560e+04 8.481547357863773868e+03 1.108943270300333594e+01 0.000000000000000000e+00
2.608676408828026251e+04 8.499846851269097897e+03 1.110761957730811922e+01 0.000000000000000000e+00
2.614341070951716029e+04 8.518156191410260362e+03 1.112580645161290249e+01 0.000000000000000000e+00
2.620008727418908165e+04 8.536475365885289648e+03 1.114399332591768577e+01 0.000000000000000000e+00
2.625679373931842565e+04 8.554804362297300031e+03 1.116218020022246904e+01 0.000000000000000000e+00
2.631353008234277149e+04 8.573143168227687056e+03 1.118036707452725231e+01 0.000000000000000000e+00
2.637029626043591270e+04 8.591491771262471957e+03 1.119855394883203559e+01 0.000000000000000000e+00
2.642709225125738521e+04 8.609850158979443222e+03 1.121674082313681708e+01 0.000000000000000000e+00
2.648391801211991333e+04 8.628218318932234979e+03 1.123492769744160036e+01 0.000000000000000000e+00
2.654077352083235382e+04 8.646596238692025508e+03 1.125311457174638363e+01 0.000000000000000000e+00
2.659765873493234903e+04 8.664983905807555857e+03 1.127130144605116691e+01 0.000000000000000000e+00
2.665457363232587886e+04 8.683381307825024123e+03 1.128948832035595018e+01 0.000000000000000000e+00
2.671151817074809514e+04 8.701788432281280620e+03 1.130767519466073345e+01 0.000000000000000000e+00
2.676849232822416889e+04 8.720205266712706361e+03 1.132586206896551673e+01 0.000000000000000000e+00
2.682549606278897045e+04 8.738631798646454627e+03 1.134404894327030000e+01 0.000000000000000000e+00
2.688252935255962439e+04 8.757068015601691513e+03 1.136223581757508327e+01 0.000000000000000000e+00
2.693959215573768961e+04 8.775513905093725043e+03 1.138042269187986655e+01 0.000000000000000000e+00
2.699668445055696793e+04 8.793969454633615896e+03 1.139860956618464805e+01 0.000000000000000000e+00
2.705380619544140427e+04 8.812434651718080204e+03 1.141679644048943132e+01 0.000000000000000000e+00
2.711095736876903538e+04 8.830909483847784941e+03 1.143498331479421459e+01 0.000000000000000000e+00
2.716813792912458666e+04 8.849393938509942018e+03 1.145317018909899787e+01 0.000000000000000000e+00
2.722534785500195721e+04 8.867888003197804210e+03 1.147135706340378114e+01 0.000000000000000000e+00
2.728258710521519606e+04 8.886391665385657689e+03 1.148954393770856441e+01 0.000000000000000000e+00
2.733985565837750983e+04 8.904904912558964497e+03 1.150773081201334769e+01 0.000000000000000000e+00
2.739715347351529272e+04 8.923427732180849489e+03 1.152591768631813096e+01 0.000000000000000000e+00
2.745448052934731459e+04 8.941960111716638494e+03 1.154410456062291424e+01 0.000000000000000000e+00
2.751183678507844888e+04 8.960502038632947006e+03 1.156229143492769573e+01 0.000000000000000000e+00
2.756922221955553323e+04 8.979053500381349295e+03 1.158047830923247901e+01 0.000000000000000000e+00
2.762663679213151772e+04 8.997614484419471410e+03 1.159866518353726228e+01 0.000000000000000000e+00
2.768408048181812774e+04 9.016184978189252433e+03 1.161685205784204555e+01 0.000000000000000000e+00
2.774155324818787267e+04 9.034764969137020671e+03 1.163503893214682883e+01 0.000000000000000000e+00
2.779905507036549170e+04 9.053354444702599721e+03 1.165322580645161210e+01 0.000000000000000000e+00
2.785658590807178552e+04 9.071953392318395345e+03 1.167141268075639537e+01 0.000000000000000000e+00
2.791414574052116950e+04 9.090561799420278476e+03 1.168959955506117865e+01 0.000000000000000000e+00
2.797173452765324691e+04 9.109179653432880514e+03 1.170778642936596192e+01 0.000000000000000000e+00
2.802935224880774695e+04 9.127806941778731925e+03 1.172597330367074520e+01 0.000000000000000000e+00
2.808699886410339604e+04 9.146443651883946586e+03 1.174416017797552669e+01 0.000000000000000000e+00
2.814467435304111495e+04 9.165089771157608993e+03 1.176234705228030997e+01 0.000000000000000000e+00
2.820237867582323815e+04 9.183745287024825302e+03 1.178053392658509324e+01 0.000000000000000000e+00
2.826011181209536153e+04 9.202410186885086659e+03 1.179872080088987651e+01 0.000000000000000000e+00
2.831787372230571782e+04 9.221084458153716696e+03 1.181690767519465979e+01 0.000000000000000000e+00
2.837566438613974606e+04 9.239768088234086463e+03 1.183509454949944306e+01 0.000000000000000000e+00
2.843348376424813614e+04 9.258461064522203742e+03 1.185328142380422634e+01 0.000000000000000000e+00
2.849133183647661281e+04 9.277163374426461814e+03 1.187146829810900961e+01 0.000000000000000000e+00
2.854920856360304970e+04 9.295875005335099559e+03 1.188965517241379288e+01 0.000000000000000000e+00
2.860711392555330531e+04 9.314595944648539444e+03 1.190784204671857616e+01 0.000000000000000000e+00
2.866504788330671727e+04 9.333326179756038982e+03 1.192602892102335765e+01 0.000000000000000000e+00
2.872301041690562124e+04 9.352065698044794772e+03 1.194421579532814093e+01 0.000000000000000000e+00
2.878100148751296001e+04 9.370814486901068449e+03 1.196240266963292420e+01 0.000000000000000000e+00
2.883902107527813496e+04 9.389572533717291662e+03 1.198058954393770748e+01 0.000000000000000000e+00
2.889706914149662407e+04 9.408339825873001246e+03 1.199877641824249075e+01 0.000000000000000000e+00
2.895514566648266191e+04 9.427116350745225645e+03 1.201696329254727402e+01 0.000000000000000000e+00
2.901325061167504100e+04 9.445902095719276986e+03 1.203515016685205730e+01 0.000000000000000000e+00
2.907138395750918062e+04 9.464697048173498843e+03 1.205333704115684057e+01 0.000000000000000000e+00
2.912954566555672864e+04 9.483501195481554532e+03 1.207152391546162384e+01 0.000000000000000000e+00
2.918773571638564681e+04 9.502314525022800808e+03 1.208971078976640534e+01 0.000000000000000000e+00
2.924595407171282932e+04 9.521137024162633679e+03 1.210789766407118861e+01 0.000000000000000000e+00
2.930420071221847684e+04 9.539968680285734081e+03 1.212608453837597189e+01 0.000000000000000000e+00
2.936247559981388986e+04 9.558809480752888703e+03 1.214427141268075516e+01 0.000000000000000000e+00
2.942077871526330273e+04 9.577659412941633491e+03 1.216245828698553844e+01 0.000000000000000000e+00
2.947911002064630884e+04 9.596518464220027454e+03 1.218064516129032171e+01 0.000000000000000000e+00
2.953746949682263585e+04 9.615386621958652540e+03 1.219883203559510498e+01 0.000000000000000000e+00
2.959585710606133580e+04 9.634263873519123081e+03 1.221701890989988826e+01 0.000000000000000000e+00
2.965427282925578038e+04 9.653150206277417965e+03 1.223520578420467153e+01 0.000000000000000000e+00
2.971271662884345642e+04 9.672045607595206093e+03 1.225339265850945480e+01 0.000000000000000000e+00
2.977118848594094379e+04 9.690950064847143949e+03 1.227157953281423630e+01 0.000000000000000000e+00
2.982968836303941134e+04 9.709863565391575321e+03 1.228976640711901958e+01 0.000000000000000000e+00
2.988821624135722595e+04 9.728786096600100791e+03 1.230795328142380285e+01 0.000000000000000000e+00
2.994677208358777352e+04 9.747717645831808113e+03 1.232614015572858612e+01 0.000000000000000000e+00
3.000535587100415069e+04 9.766658200464044057e+03 1.234432703003336940e+01 0.000000000000000000e+00
3.006396756647805887e+04 9.785607747856178321e+03 1.236251390433815267e+01 0.000000000000000000e+00
3.012260715136312501e+04 9.804566275378456339e+03 1.238070077864293594e+01 0.000000000000000000e+00
3.018127458873621072e+04 9.823533770390311474e+03 1.239888765294771922e+01 0.000000000000000000e+00
3.023996985998879245e+04 9.842510220272395600e+03 1.241707452725250249e+01 0.000000000000000000e+00
3.029869292836083332e+04 9.861495612378394071e+03 1.243526140155728577e+01 0.000000000000000000e+00
3.035744377537832770e+04 9.880489934087801885e+03 1.245344827586206726e+01 0.000000000000000000e+00
3.041622236442974099e+04 9.899493172764970950e+03 1.247163515016685054e+01 0.000000000000000000e+00
3.047502867711437648e+04 9.918505315780959791e+03 1.248982202447163381e+01 0.000000000000000000e+00
3.053386267699560995e+04 9.937526350505766459e+03 1.250800889877641708e+01 0.000000000000000000e+00
3.059272434574367435e+04 9.956556264307202582e+03 1.252619577308120036e+01 0.000000000000000000e+00
3.065161364702285937e+04 9.975595044568268349e+03 1.254438264738598363e+01 0.000000000000000000e+00
3.071053056267388820e+04 9.994642678655238342e+03 1.256256952169076690e+01 0.000000000000000000e+00
3.076947505650765379e+04 1.001369915394329109e+04 1.258075639599555018e+01 0.000000000000000000e+00
3.082844711042963536e+04 1.003276445780774338e+04 1.259894327030033345e+01 0.000000000000000000e+00
3.088744668839293081e+04 1.005183857763291235e+04 1.261713014460511495e+01 0.000000000000000000e+00
3.094647377242517905e+04 1.007092150079161911e+04 1.263531701890989822e+01 0.000000000000000000e+00
3.100552832661040884e+04 1.009001321466893205e+04 1.265350389321468150e+01 0.000000000000000000e+00
3.106461033307439357e+04 1.010911370664246533e+04 1.267169076751946477e+01 0.000000000000000000e+00
3.112371975602925522e+04 1.012822296410141644e+04 1.268987764182424804e+01 0.000000000000000000e+00
3.118285657769130194e+04 1.014734097442907660e+04 1.270806451612903132e+01 0.000000000000000000e+00
3.124202076245502030e+04 1.016646772501627675e+04 1.272625139043381459e+01 0.000000000000000000e+00
3.130121229261299959e+04 1.018560320325204702e+04 1.274443826473859787e+01 0.000000000000000000e+00
3.136043113269787864e+04 1.020474739652155586e+04 1.276262513904338114e+01 0.000000000000000000e+00
3.141967726502566438e+04 1.022390029222624253e+04 1.278081201334816441e+01 0.000000000000000000e+00
3.147895065433086347e+04 1.024306187775922263e+04 1.279899888765294591e+01 0.000000000000000000e+00
3.153825128302473240e+04 1.026223214052336334e+04 1.281718576195772918e+01 0.000000000000000000e+00
3.159757911597235943e+04 1.028141106791318998e+04 1.283537263626251246e+01 0.000000000000000000e+00
3.165693413572642385e+04 1.030059864733949507e+04 1.285355951056729573e+01 0.000000000000000000e+00
3.171631630722631962e+04 1.031979486620023090e+04 1.287174638487207901e+01 0.000000000000000000e+00
3.177572561308643708e+04 1.033899971191003533e+04 1.288993325917686228e+01 0.000000000000000000e+00
3.183516201839323912e+04 1.035821317187917703e+04 1.290812013348164555e+01 0.000000000000000000e+00
3.189462550591203762e+04 1.037743523352062584e+04 1.292630700778642883e+01 0.000000000000000000e+00
3.195411604084199280e+04 1.039666588425373993e+04 1.294449388209121210e+01 0.000000000000000000e+00
3.201363360600293890e+04 1.041590511149467420e+04 1.296268075639599537e+01 0.000000000000000000e+00
3.207317816673666312e+04 1.043515290266571537e+04 1.298086763070077687e+01 0.000000000000000000e+00
3.213274970598818254e+04 1.045440924519841064e+04 1.299905450500556015e+01 0.000000000000000000e+00
3.219234818919067766e+04 1.047367412651586346e+04 1.301724137931034342e+01 0.000000000000000000e+00
3.225197359939014859e+04 1.049294753405385745e+04 1.303542825361512669e+01 0.000000000000000000e+00
3.231162590207224275e+04 1.051222945525134310e+04 1.305361512791990997e+01 0.000000000000000000e+00
3.237130508046716568e+04 1.053151987754118454e+04 1.307180200222469324e+01 0.000000000000000000e+00
3.243101110021704517e+04 1.055081878837192744e+04 1.308998887652947651e+01 0.000000000000000000e+00
3.249074394459657924e+04 1.057012617518218030e+04 1.310817575083425979e+01 0.000000000000000000e+00
3.255050357935832290e+04 1.058944202543232313e+04 1.312636262513904306e+01 0.000000000000000000e+00
3.261028998785281874e+04 1.060876632655949288e+04 1.314454949944382456e+01 0.000000000000000000e+00
3.267010313602455790e+04 1.062809906603741001e+04 1.316273637374860783e+01 0.000000000000000000e+00
3.272994300725415087e+04 1.064744023131864924e+04 1.318092324805339111e+01 0.000000000000000000e+00
3.278980956754850195e+04 1.066678980986675742e+04 1.319911012235817438e+01 0.000000000000000000e+00
3.284970280050995643e+04 1.068614778915768693e+04 1.321729699666295765e+01 0.000000000000000000e+00
3.290962267221225193e+04 1.070551415665683271e+04 1.323548387096774093e+01 0.000000000000000000e+00
3.296956916629822081e+04 1.072488889984502748e+04 1.325367074527252420e+01 0.000000000000000000e+00
3.302954224901626731e+04 1.074427200620300027e+04 1.327185761957730747e+01 0.000000000000000000e+00
3.308954190410544106e+04 1.076366346321270066e+04 1.329004449388209075e+01 0.000000000000000000e+00
3.314956809790461557e+04 1.078306325836582437e+04 1.330823136818687402e+01 0.000000000000000000e+00
3.320962081421875337e+04 1.080247137916216343e+04 1.332641824249165552e+01 0.000000000000000000e+00
3.326970001953499741e+04 1.082188781308983744e+04 1.334460511679643879e+01 0.000000000000000000e+00
3.332980569774257310e+04 1.084131254765754602e+04 1.336279199110122207e+01 0.000000000000000000e+00
3.338993781536298047e+04 1.086074557036969782e+04 1.338097886540600534e+01 0.000000000000000000e+00
3.345009635650900600e+04 1.088018686874342893e+04 1.339916573971078861e+01 0.000000000000000000e+00
3.351028128777738311e+04 1.089963643028972183e+04 1.341735261401557189e+01 0.000000000000000000e+00
3.357049259331980284e+04 1.091909424253080579e+04 1.343553948832035516e+01 0.000000000000000000e+00
3.363073023987236957e+04 1.093856029299335205e+04 1.345372636262513844e+01 0.000000000000000000e+00
3.369099421166024695e+04 1.095803456921639918e+04 1.347191323692992171e+01 0.000000000000000000e+00
3.375128447551765566e+04 1.097751705872120147e+04 1.349010011123470498e+01 0.000000000000000000e+00
3.381160101580336050e+04 1.099700774905878825e+04 1.350828698553948648e+01 0.000000000000000000e+00
3.387194379942984961e+04 1.101650662777213984e+04 1.352647385984426975e+01 0.000000000000000000e+00
3.393231281083283830e+04 1.103601368241948512e+04 1.354466073414905303e+01 0.000000000000000000e+00
3.399270801711404056e+04 1.105552890054353520e+04 1.356284760845383630e+01 0.000000000000000000e+00
3.405312940274805442e+04 1.107505226971636876e+04 1.358103448275861957e+01 0.000000000000000000e+00
3.411357693489087978e+04 1.109458377750107320e+04 1.359922135706340285e+01 0.000000000000000000e+00
3.417405059810357488e+04 1.111412341146736981e+04 1.361740823136818612e+01 0.000000000000000000e+00
3.423455035968869925e+04 1.113367115919773460e+04 1.363559510567296940e+01 0.000000000000000000e+00
3.429507620427915390e+04 1.115322700827777408e+04 1.365378197997775267e+01 0.000000000000000000e+00
3.435562809926328191e+04 1.117279094628420535e+04 1.367196885428253417e+01 0.000000000000000000e+00
3.441620602940826211e+04 1.119236296082035005e+04 1.369015572858731744e+01 0.000000000000000000e+00
3.447680996221007808e+04 1.121194303948819652e+04 1.370834260289210071e+01 0.000000000000000000e+00
3.453743988246926165e+04 1.123153116988909824e+04 1.372652947719688399e+01 0.000000000000000000e+00
3.459809575779164879e+04 1.125112733963008213e+04 1.374471635150166726e+01 0.000000000000000000e+00
3.465877757307721913e+04 1.127073153633696347e+04 1.376290322580645054e+01 0.000000000000000000e+00
3.471948529610118567e+04 1.129034374762759217e+04 1.378109010011123381e+01 0.000000000000000000e+00
3.478021891174766643e+04 1.130996396113015180e+04 1.379927697441601708e+01 0.000000000000000000e+00
3.484097838789662637e+04 1.132959216448420011e+04 1.381746384872080036e+01 0.000000000000000000e+00
3.490176370956793107e+04 1.134922834532560773e+04 1.383565072302558363e+01 0.000000000000000000e+00
3.496257484475353704e+04 1.136887249130109194e+04 1.385383759733036513e+01 0.000000000000000000e+00
3.502341177847381186e+04 1.138852459006962818e+04 1.387202447163514840e+01 0.000000000000000000e+00
3.508427447880219552e+04 1.140818462928771442e+04 1.389021134593993168e+01 0.000000000000000000e+00
3.514516293093607965e+04 1.142785259661238160e+04 1.390839822024471495e+01 0.000000000000000000e+00
3.520607710311243864e+04 1.144752847972585550e+04 1.392658509454949822e+01 0.000000000000000000e+00
3.526701698046399542e+04 1.146721226630487217e+04 1.394477196885428150e+01 0.000000000000000000e+00
3.532798253136584390e+04 1.148690394403266691e+04 1.396295884315906477e+01 0.000000000000000000e+00
3.538897374100848538e+04 1.150660350059837947e+04 1.398114571746384804e+01 0.000000000000000000e+00
3.544999057793157408e+04 1.152631092370229817e+04 1.399933259176863132e+01 0.000000000000000000e+00
3.551103302733766031e+04 1.154602620104336893e+04 1.401751946607341281e+01 0.000000000000000000e+00
3.557210105790956004e+04 1.156574932034037556e+04 1.403570634037819609e+01 0.000000000000000000e+00
3.563319465490904258e+04 1.158548026930184824e+04 1.405389321468297936e+01 0.000000000000000000e+00
3.569431378711586149e+04 1.160521903565498724e+04 1.407208008898776264e+01 0.000000000000000000e+00
3.575545843988304114e+04 1.162496560712925930e+04 1.409026696329254591e+01 0.000000000000000000e+00
3.581662858209817205e+04 1.164471997146854301e+04 1.410845383759732918e+01 0.000000000000000000e+00
3.587782419909780583e+04 1.166448211640824047e+04 1.412664071190211246e+01 0.000000000000000000e+00
3.593904525997114251e+04 1.168425202970176724e+04 1.414482758620689573e+01 0.000000000000000000e+00
3.600029175009854225e+04 1.170402969911157015e+04 1.416301446051167900e+01 0.000000000000000000e+00
3.606156363864006562e+04 1.172381511239852080e+04 1.418120133481646228e+01 0.000000000000000000e+00
3.612286091109654080e+04 1.174360825733358615e+04 1.419938820912124378e+01 0.000000000000000000e+00
3.618418353672295780e+04 1.176340912169776493e+04 1.421757508342602705e+01 0.000000000000000000e+00
3.624553150104088854e+04 1.178321769328145820e+04 1.423576195773081032e+01 0.000000000000000000e+00
3.630690477341382211e+04 1.180303395986764372e+04 1.425394883203559360e+01 0.000000000000000000e+00
3.636830333946714381e+04 1.182285790926542541e+04 1.427213570634037687e+01 0.000000000000000000e+00
3.642972716868526186e+04 1.184268952927809369e+04 1.429032258064516014e+01 0.000000000000000000e+00
3.649117624670940859e+04 1.186252880772032950e+04 1.430850945494994342e+01 0.000000000000000000e+00
3.655265054311043059e+04 1.188237573241900645e+04 1.432669632925472669e+01 0.000000000000000000e+00
3.661415004364717606e+04 1.190223029120245155e+04 1.434488320355950997e+01 0.000000000000000000e+00
3.667567471792362630e+04 1.192209247190131282e+04 1.436307007786429324e+01 0.000000000000000000e+00
3.673722455177741358e+04 1.194196226236744224e+04 1.438125695216907474e+01 0.000000000000000000e+00
3.679879951500356401e+04 1.196183965044878096e+04 1.439944382647385801e+01 0.000000000000000000e+00
3.686039959343899682e+04 1.198172462400731274e+04 1.441763070077864128e+01 0.000000000000000000e+00
3.692202475697800401e+04 1.200161717090957609e+04 1.443581757508342456e+01 0.000000000000000000e+00
3.698367499147033232e+04 1.202151727902527091e+04 1.445400444938820783e+01 0.000000000000000000e+00
3.704535026698157162e+04 1.204142493624356939e+04 1.447219132369299111e+01 0.000000000000000000e+00
3.710705056935852190e+04 1.206134013045338361e+04 1.449037819799777438e+01 0.000000000000000000e+00
3.716877586885754135e+04 1.208126284954806761e+04 1.450856507230255765e+01 0.000000000000000000e+00
3.723052615134639200e+04 1.210119308143838498e+04 1.452675194660734093e+01 0.000000000000000000e+00
3.729230138715149224e+04 1.212113081403119577e+04 1.454493882091212242e+01 0.000000000000000000e+00
3.735410156222322985e+04 1.214107603525870218e+04 1.456312569521690570e+01 0.000000000000000000e+00
3.741592664694084669e+04 1.216102873303670822e+04 1.458131256952168897e+01 0.000000000000000000e+00
3.747777662733315083e+04 1.218098889531252826e+04 1.459949944382647224e+01 0.000000000000000000e+00
3.753965147396544489e+04 1.220095651002504746e+04 1.461768631813125552e+01 0.000000000000000000e+00
3.760155117287151370e+04 1.222093156512424866e+04 1.463587319243603879e+01 0.000000000000000000e+00
3.766347569468625443e+04 1.224091404858416536e+04 1.465406006674082207e+01 0.000000000000000000e+00
3.772542502549778146e+04 1.226090394836356791e+04 1.467224694104560534e+01 0.000000000000000000e+00
3.778739913603197783e+04 1.228090125243871989e+04 1.469043381535038861e+01 0.000000000000000000e+00
3.784939801246109710e+04 1.230090594879935088e+04 1.470862068965517189e+01 0.000000000000000000e+00
3.791142162558904238e+04 1.232091802543849190e+04 1.472680756395995338e+01 0.000000000000000000e+00
3.797346996166656754e+04 1.234093747035710658e+04 1.474499443826473666e+01 0.000000000000000000e+00
3.803554299166135024e+04 1.236096427156223035e+04 1.476318131256951993e+01 0.000000000000000000e+00
3.809764070177102985e+04 1.238099841707815540e+04 1.478136818687430321e+01 0.000000000000000000e+00
3.815976306309086067e+04 1.240103989492462824e+04 1.479955506117908648e+01 0.000000000000000000e+00
3.822191006188491883e+04 1.242108869314111689e+04 1.481774193548386975e+01 0.000000000000000000e+00
3.828408166925639671e+04 1.244114479976607618e+04 1.483592880978865303e+01 0.000000000000000000e+00
3.834627787164562324e+04 1.246120820286391245e+04 1.485411568409343630e+01 0.000000000000000000e+00
3.840849864025369607e+04 1.248127889047730423e+04 1.487230255839821957e+01 0.000000000000000000e+00
3.847074396153750422e+04 1.250135685068614839e+04 1.489048943270300285e+01 0.000000000000000000e+00
3.853301380672164669e+04 1.252144207156489028e+04 1.490867630700778435e+01 0.000000000000000000e+00
3.859530816236461396e+04 1.254153454120090828e+04 1.492686318131256762e+01 0.000000000000000000e+00
3.865762699984687788e+04 1.256163424768114055e+04 1.494505005561735089e+01 0.000000000000000000e+00
3.871997030579154671e+04 1.258174117911793655e+04 1.496323692992213417e+01 0.000000000000000000e+00
3.878233805155238224e+04 1.260185532361981859e+04 1.498142380422691744e+01 0.000000000000000000e+00
3.884473022385211516e+04 1.262197666930544801e+04 1.499961067853170071e+01 0.000000000000000000e+00
3.890714679413811245e+04 1.264210520430465294e+04 1.501779755283648399e+01 0.000000000000000000e+00
3.896958774922414887e+04 1.266224091675783166e+04 1.503598442714126726e+01 0.000000000000000000e+00
3.903205306060352450e+04 1.268238379480373260e+04 1.505417130144605053e+01 0.000000000000000000e+00
3.909454271518288442e+04 1.270253382660437455e+04 1.507235817575083203e+01 0.000000000000000000e+00
3.915705668454935949e+04 1.272269100032199094e+04 1.509054505005561531e+01 0.000000000000000000e+00
3.921959495562612574e+04 1.274285530412881963e+04 1.510873192436039858e+01 0.000000000000000000e+00
3.928215750010132615e+04 1.276302672621335296e+04 1.512691879866518185e+01 0.000000000000000000e+00
3.934474430493155523e+04 1.278320525475633258e+04 1.514510567296996513e+01 0.000000000000000000e+00
3.940735534191144689e+04 1.280339087796334024e+04 1.516329254727474840e+01 0.000000000000000000e+00
3.946999059809408936e+04 1.282358358403644706e+04 1.518147942157953167e+01 0.000000000000000000e+00
3.953265004531570594e+04 1.284378336120813947e+04 1.519966629588431495e+01 0.000000000000000000e+00
3.959533367066649953e+04 1.286399019768504331e+04 1.521785317018909822e+01 0.000000000000000000e+00
3.965804144609472860e+04 1.288420408172202406e+04 1.523604004449388150e+01 0.000000000000000000e+00
3.972077335874039272e+04 1.290442500155271591e+04 1.525422691879866299e+01 0.000000000000000000e+00
3.978352938067368814e+04 1.292465294543110758e+04 1.527241379310344627e+01 0.000000000000000000e+00
3.984630949901452550e+04 1.294488790162777332e+04 1.529060066740822954e+01 0.000000000000000000e+00
3.990911368595320528e+04 1.296512985840753208e+04 1.530878754171301281e+01 0.000000000000000000e+00
3.997194192866303638e+04 1.298537880405240867e+04 1.532697441601779609e+01 0.000000000000000000e+00
4.003479419945192785e+04 1.300563472685720626e+04 1.534516129032257936e+01 0.000000000000000000e+00
4.009767048549864558e+04 1.302589761512082077e+04 1.536334816462736264e+01 0.000000000000000000e+00
4.016057075919435738e+04 1.304616745715467914e+04 1.538153503893214591e+01 0.000000000000000000e+00
4.022349500781807001e+04 1.306644424126853846e+04 1.539972191323692918e+01 0.000000000000000000e+00
4.028644320379598503e+04 1.308672795580363527e+04 1.541790878754171246e+01 0.000000000000000000e+00
4.034941533445540699e+04 1.310701858908408212e+04 1.543609566184649395e+01 0.000000000000000000e+00
4.041241137235665519e+04 1.312731612946239875e+04 1.545428253615127723e+01 0.000000000000000000e+00
4.047543130483587447e+04 1.314762056529881556e+04 1.547246941045606050e+01 0.000000000000000000e+00
4.053847510453892028e+04 1.316793188494975402e+04 1.549065628476084377e+01 0.000000000000000000e+00
4.060154275885102834e+04 1.318825007679669034e+04 1.550884315906562705e+01 0.000000000000000000e+00
4.066463424047036824e+04 1.320857512921681155e+04 1.552703003337041032e+01 0.000000000000000000e+00
4.072774953688822279e+04 1.322890703061454406e+04 1.554521690767519360e+01 0.000000000000000000e+00
4.079088862092157069e+04 1.324924576938597238e+04 1.556340378197997687e+01 0.000000000000000000e+00
4.085405148002112401e+04 1.326959133394304445e+04 1.558159065628476014e+01 0.000000000000000000e+00
4.091723808712353639e+04 1.328994371271286218e+04 1.559977753058954164e+01 0.000000000000000000e+00
4.098044842974397034e+04 1.331030289412638922e+04 1.561796440489432491e+01 0.000000000000000000e+00
4.104368248089230474e+04 1.333066886662231627e+04 1.563615127919910819e+01 0.000000000000000000e+00
4.110694022813705669e+04 1.335104161865484821e+04 1.565433815350389146e+01 0.000000000000000000e+00
4.117022164447740943e+04 1.337142113868060369e+04 1.567252502780867474e+01 0.000000000000000000e+00
4.123352671764275874e+04 1.339180741517409115e+04 1.569071190211345801e+01 0.000000000000000000e+00
4.129685542071260716e+04 1.341220043661688214e+04 1.570889877641824128e+01 0.000000000000000000e+00
4.136020774139129935e+04 1.343260019149654727e+04 1.572708565072302456e+01 0.000000000000000000e+00
4.142358365287069319e+04 1.345300666831124181e+04 1.574527252502780783e+01 0.000000000000000000e+00
4.148698314295754244e+04 1.347341985556969848e+04 1.576345939933259110e+01 0.000000000000000000e+00
4.155040618482256104e+04 1.349383974179260622e+04 1.578164627363737260e+01 0.000000000000000000e+00
4.161385276635787886e+04 1.351426631551299397e+04 1.579983314794215588e+01 0.000000000000000000e+00
4.167732286086842942e+04 1.353469956526630813e+04 1.581802002224693915e+01 0.000000000000000000e+00
4.174081645623685472e+04 1.355513947959766665e+04 1.583620689655172242e+01 0.000000000000000000e+00
4.180433352585857938e+04 1.357558604706874939e+04 1.585439377085650570e+01 0.000000000000000000e+00
4.186787405765482254e+04 1.359603925625372904e+04 1.587258064516128897e+01 0.000000000000000000e+00
4.193143802509220404e+04 1.361649909571972603e+04 1.589076751946607224e+01 0.000000000000000000e+00
4.199502541621131968e+04 1.363696555406149309e+04 1.590895439377085552e+01 0.000000000000000000e+00
4.205863620448607981e+04 1.365743861987638411e+04 1.592714126807563879e+01 0.000000000000000000e+00
4.212227037799864047e+04 1.367791828177010029e+04 1.594532814238042207e+01 0.000000000000000000e+00
4.218592791028942156e+04 1.369840452836288750e+04 1.596351501668520356e+01 0.000000000000000000e+00
4.224960878953772772e+04 1.371889734828348992e+04 1.598170189098998684e+01 0.000000000000000000e+00
4.231331298932681966e+04 1.373939673016888992e+04 1.599988876529477011e+01 0.000000000000000000e+00
4.237704049789752025e+04 1.375990266266514300e+04 1.601807563959955161e+01 0.000000000000000000e+00
4.244079128895037866e+04 1.378041513443371696e+04 1.603626251390433666e+01 0.000000000000000000e+00
4.250456535071521648e+04 1.380093413413815688e+04 1.605444938820911815e+01 0.000000000000000000e+00
4.256836265693118912e+04 1.382145965046316451e+04 1.607263626251390320e+01 0.000000000000000000e+00
4.263218319591899490e+04 1.384199167208780455e+04 1.609082313681868470e+01 0.000000000000000000e+00
4.269602694152828917e+04 1.386253018771699135e+04 1.610901001112346975e+01 0.000000000000000000e+00
4.275989388212219637e+04 1.388307518605614314e+04 1.612719688542825125e+01 0.000000000000000000e+00
4.282378399154862564e+04 1.390362665582895352e+04 1.614538375973303630e+01 0.000000000000000000e+00
4.288769725822446344e+04 1.392418458575628028e+04 1.616357063403781780e+01 0.000000000000000000e+00
4.295163365617801901e+04 1.394474896458166040e+04 1.618175750834260285e+01 0.000000000000000000e+00
4.301559317379974527e+04 1.396531978105606504e+04 1.619994438264738434e+01 0.000000000000000000e+00
4.307957578512443433e+04 1.398589702393612242e+04 1.621813125695216584e+01 0.000000000000000000e+00
4.314358147868079686e+04 1.400648068198821966e+04 1.623631813125695089e+01 0.000000000000000000e+00
4.320761022858716024e+04 1.402707074399414341e+04 1.625450500556173239e+01 0.000000000000000000e+00
4.327166202334195259e+04 1.404766719875213494e+04 1.627269187986651744e+01 0.000000000000000000e+00
4.333573683719246037e+04 1.406827003505012908e+04 1.629087875417129894e+01 0.000000000000000000e+00
4.339983465866878396e+04 1.408887924170237602e+04 1.630906562847608399e+01 0.000000000000000000e+00
4.346395546204379207e+04 1.410949480753420357e+04 1.632725250278086548e+01 0.000000000000000000e+00
4.352809923592644918e+04 1.413011672137020105e+04 1.634543937708565053e+01 0.000000000000000000e+00
4.359226595465325954e+04 1.415074497205288935e+04 1.636362625139043203e+01 0.000000000000000000e+00
4.365645560695719905e+04 1.417137954844097112e+04 1.638181312569521708e+01 0.000000000000000000e+00
